# Created by Octave 4.2.2, Thu May 31 02:23:44 2018 IST <safwan@stormBreaker>
# name: f_pitch
# type: matrix
# rows: 120
# columns: 46
 0 0 0 0 0 0 0 0 0 0 0 0 0 0 0 0 0 0 0 0 0 0 0 0 0 0 0 0 0 0 0 0 0 0 0 0 0 0 0 0 0 0 0 0 0 0
 0 0 0 0 0 0 0 0 0 0 0 0 0 0 0 0 0 0 0 0 0 0 0 0 0 0 0 0 0 0 0 0 0 0 0 0 0 0 0 0 0 0 0 0 0 0
 0 0 0 0 0 0 0 0 0 0 0 0 0 0 0 0 0 0 0 0 0 0 0 0 0 0 0 0 0 0 0 0 0 0 0 0 0 0 0 0 0 0 0 0 0 0
 0 0 0 0 0 0 0 0 0 0 0 0 0 0 0 0 0 0 0 0 0 0 0 0 0 0 0 0 0 0 0 0 0 0 0 0 0 0 0 0 0 0 0 0 0 0
 0 0 0 0 0 0 0 0 0 0 0 0 0 0 0 0 0 0 0 0 0 0 0 0 0 0 0 0 0 0 0 0 0 0 0 0 0 0 0 0 0 0 0 0 0 0
 0 0 0 0 0 0 0 0 0 0 0 0 0 0 0 0 0 0 0 0 0 0 0 0 0 0 0 0 0 0 0 0 0 0 0 0 0 0 0 0 0 0 0 0 0 0
 0 0 0 0 0 0 0 0 0 0 0 0 0 0 0 0 0 0 0 0 0 0 0 0 0 0 0 0 0 0 0 0 0 0 0 0 0 0 0 0 0 0 0 0 0 0
 0 0 0 0 0 0 0 0 0 0 0 0 0 0 0 0 0 0 0 0 0 0 0 0 0 0 0 0 0 0 0 0 0 0 0 0 0 0 0 0 0 0 0 0 0 0
 0 0 0 0 0 0 0 0 0 0 0 0 0 0 0 0 0 0 0 0 0 0 0 0 0 0 0 0 0 0 0 0 0 0 0 0 0 0 0 0 0 0 0 0 0 0
 0 0 0 0 0 0 0 0 0 0 0 0 0 0 0 0 0 0 0 0 0 0 0 0 0 0 0 0 0 0 0 0 0 0 0 0 0 0 0 0 0 0 0 0 0 0
 0 0 0 0 0 0 0 0 0 0 0 0 0 0 0 0 0 0 0 0 0 0 0 0 0 0 0 0 0 0 0 0 0 0 0 0 0 0 0 0 0 0 0 0 0 0
 0 0 0 0 0 0 0 0 0 0 0 0 0 0 0 0 0 0 0 0 0 0 0 0 0 0 0 0 0 0 0 0 0 0 0 0 0 0 0 0 0 0 0 0 0 0
 0 0 0 0 0 0 0 0 0 0 0 0 0 0 0 0 0 0 0 0 0 0 0 0 0 0 0 0 0 0 0 0 0 0 0 0 0 0 0 0 0 0 0 0 0 0
 0 0 0 0 0 0 0 0 0 0 0 0 0 0 0 0 0 0 0 0 0 0 0 0 0 0 0 0 0 0 0 0 0 0 0 0 0 0 0 0 0 0 0 0 0 0
 0 0 0 0 0 0 0 0 0 0 0 0 0 0 0 0 0 0 0 0 0 0 0 0 0 0 0 0 0 0 0 0 0 0 0 0 0 0 0 0 0 0 0 0 0 0
 0 0 0 0 0 0 0 0 0 0 0 0 0 0 0 0 0 0 0 0 0 0 0 0 0 0 0 0 0 0 0 0 0 0 0 0 0 0 0 0 0 0 0 0 0 0
 0 0 0 0 0 0 0 0 0 0 0 0 0 0 0 0 0 0 0 0 0 0 0 0 0 0 0 0 0 0 0 0 0 0 0 0 0 0 0 0 0 0 0 0 0 0
 0 0 0 0 0 0 0 0 0 0 0 0 0 0 0 0 0 0 0 0 0 0 0 0 0 0 0 0 0 0 0 0 0 0 0 0 0 0 0 0 0 0 0 0 0 0
 0 0 0 0 0 0 0 0 0 0 0 0 0 0 0 0 0 0 0 0 0 0 0 0 0 0 0 0 0 0 0 0 0 0 0 0 0 0 0 0 0 0 0 0 0 0
 0 0 0 0 0 0 0 0 0 0 0 0 0 0 0 0 0 0 0 0 0 0 0 0 0 0 0 0 0 0 0 0 0 0 0 0 0 0 0 0 0 0 0 0 0 0
 210.2808446031433 405.6346901964672 364.9716171902945 317.3964583261418 267.3260972946275 239.8202258726797 250.954368567141 348.7208066009907 550.8568759455842 871.9226628672116 1284.7160386586 1712.913313060633 2121.654844144852 2320.003971014155 2316.053524974898 2014.00341017141 1453.928259641847 833.0077091977535 312.0542017865321 202.8350982844807 653.2030758682122 1801.118435584816 3688.478868387196 5919.795745257319 8563.526349144675 10833.23730519334 12597.59002402591 13378.66885104808 13409.92000754669 12558.56845516849 10840.75719903256 8834.344134486415 6682.580502930223 4810.348753522686 3131.103386526735 1970.798209746228 1070.66648022751 569.0816855071947 254.8309426381623 111.2431617195371 37.97254423141148 12.22223968842641 2.751556806910806 0.5424059612947347 0.05301622489713529 0.002897922871576995
 543.2686441354967 1071.229210440766 981.2945882518593 799.2579164248078 579.0046611018055 354.1180086896886 170.8659022718681 80.38108731791299 91.65178060485937 186.125657318573 316.4021232942927 437.5136774388129 509.9819950535489 508.0056999027077 470.3190586863782 452.2961813093425 495.3252347747783 606.4508270104243 766.7274599012032 1006.360229837089 1338.112360792 1822.556481371073 2579.609125320661 3677.016142072921 5111.806819459848 6726.167904296419 8257.144064165554 9545.230032430927 10552.33487627474 11115.19135315612 10857.92771766981 9671.869058093744 7864.497704965352 5918.403339125518 4241.387792647553 2843.15060389306 1721.717736723747 940.4861699337616 448.3895439740839 189.9047349255825 71.86085338821881 22.96249610508479 6.048909390022561 1.116122243264667 0.1185092513077812 0.004528761389236234
 144.680499429581 214.2887137236542 83.77803615315716 27.66734840075409 84.26752619623575 232.6149834777302 395.4592524502739 461.9136919074159 372.489648650783 188.7579385134084 61.0322434158744 184.2277027672784 744.8022534801929 1755.72758458449 2962.231921188334 4003.764752245156 4617.206328679687 4555.574874477566 3677.792297170027 2284.886286644396 1013.272862534862 515.1321576964625 1210.464797736779 3147.997354176542 5924.089105913732 8650.273186208296 10734.70188286073 11960.71425372748 11990.76645478608 10752.04421394467 8398.727940704823 5760.235615610402 3638.328133867746 2070.689269134833 1025.745889154815 413.3917675675665 122.8360800393107 25.7034798689855 4.01697825366302 3.092738388844946 3.788054756464169 2.734041208039956 1.274268396244995 0.3806928921505244 0.0647227581492295 0.004531411421031747
 425.7749536939025 1125.526145333 1707.48997524639 2076.376243198163 2141.483624580867 1794.686988852518 1165.771717914168 591.3792712732745 199.3155564029634 186.8129833940864 420.2601432616859 776.7280543204006 1076.296654026444 1377.616960303716 2059.769183276739 3163.299353053283 5051.364206305036 7254.610995837485 8964.402392026659 9673.011928973829 8410.691437470507 5901.062982934576 3627.095628312306 3003.836257554592 6156.765883506951 13093.78905656979 23732.46558501014 34827.79123586262 45055.93656866609 50615.13115711762 51360.36121083624 46458.31432289962 37804.50821104019 28613.63822439321 18904.68444042027 11825.10153328867 6208.344232993813 3032.936987583718 1263.110031905648 456.486228512352 137.8322677507114 30.78721890125284 5.728734472392132 0.5629155496565565 0.03470525627176543 0.0002986689602718743
 7.19037402977373 14.56966423270594 29.45685968720408 78.50535506499453 182.311904813324 367.1628994031548 639.4215836950776 961.9207098850412 1245.979598086436 1393.851657347888 1318.198642439056 1084.682736801124 910.780537366096 1010.147785947925 1537.597306807355 2380.283934283417 3276.149608851784 3960.426299388271 4195.846397732377 3936.729596837107 3341.537166571302 2689.231382521438 2217.847403528826 2003.935247454446 1929.682498155721 1783.431953573039 1503.225804862707 1248.555334922654 1281.065630578612 1777.769593809582 2640.449204152423 3565.116422903657 4200.849548556855 4318.530902678437 3954.584446128133 3184.63228727653 2239.778165528248 1409.590857303525 774.5291464726529 364.9357865810846 143.700026045113 45.64080737915999 11.18401139973808 1.887615666957576 0.1786615224335701 0.005695749108379535
 130.3056614195777 258.35071486098 201.3198106466879 85.10681872039146 107.9880950647278 543.2157325259702 1562.60246636435 2826.565220889412 3846.585261443528 4291.314211914991 3535.739407758653 1996.778384714859 734.4406367847404 407.1335676858407 1551.081855045735 3785.935680980423 5927.04363160849 7379.873157841325 7511.016031531214 5991.375753894657 3998.99700319681 2271.78421948311 1049.303413910889 546.8263223752334 550.9181916280776 819.1218077898614 1307.291117033506 2196.469624315907 3256.249068687252 4411.458054046712 5309.891100374868 5318.615778520902 4835.94889255545 3887.16668555722 2590.547381714096 1545.415243189871 786.8694989962704 322.1404428734679 118.1203946664961 34.25615239261852 8.431208122372007 2.351949192864864 0.7644304666134053 0.2326601955319709 0.03559492669944993 0.001969984949469488
 17.41397726568771 72.15958852796193 147.4678628575924 196.9554127275985 198.0247330335984 182.9730574573161 227.8336759979741 400.0325288889752 695.4963409248902 1029.176508279269 1218.503862088857 1093.184850875861 688.3960202275828 262.457939222832 123.5094513177469 509.2203697866921 1447.005829568901 2544.394409198407 3319.68059934804 3546.517606273473 3042.247146423966 1965.357489033766 1055.138533516549 881.2226830445414 1504.036412379767 2682.967599486688 3867.68847547413 4298.324893909796 3760.255941926044 2692.859788697983 1485.69730765516 544.1810609622748 171.2897421943269 275.6361496476422 577.7085981953237 796.9458562172579 788.2433350160535 610.9301710044222 396.1702675101337 213.4178686166609 90.13456323813713 28.92350999025189 6.997178369080406 1.213594800035461 0.1160062269814551 0.002924106820205804
 252.2777704133686 765.7495467181956 1358.941704837813 1993.581831426377 2431.34630402694 2469.849925554546 2206.26482696128 1824.973223585008 1397.798876071708 1033.599015362444 812.6827095969446 762.8147436421392 862.1455144033005 1034.910133958444 1189.337266713384 1264.247793565646 1229.825601701838 1092.57260869266 918.2726069445105 748.461184990685 524.8585271192659 252.3542243324231 202.3910000045034 965.8866568959985 3158.206619667298 6631.00886354548 10607.36727378638 13927.15197337856 14954.65954526708 12915.64022257542 8907.059626187811 4923.079966927199 2244.291770096494 1165.273737248433 1307.190984606246 1828.806621376401 2037.429829759265 1737.285114515529 1169.017932994728 647.5624625057205 291.0713967943458 97.7858629241687 23.72342905059288 3.922320632893651 0.3669940560743449 0.01007670680166215
 280.7460282333543 635.2845700526602 685.2843295779319 544.0947210720262 346.498505861314 364.3796862245691 647.059176286304 1006.522334052131 1122.586362432379 807.8432491607108 332.7403622567899 93.94392125574188 238.8405798736904 515.6471854939726 559.453180848341 296.0856906224146 141.7194801628856 699.3544379492514 2155.443999310365 3795.116359397261 4525.607899653176 4164.294085186275 3068.485821461436 2507.264209159364 3644.082123121436 6363.472278353931 9950.576111931907 12307.81570834644 12969.79212647695 12318.23470807529 10064.93373413161 7867.437893841508 6241.921596462393 4690.846660993718 3526.483412264281 2461.553874336951 1461.724968033106 794.4692784661888 374.8766863045132 144.1496118028299 50.95748168866234 14.81264037151651 3.388041410999459 0.6420323181803219 0.06482719096457011 0.001698441852761813
 172.1334471755923 361.0567733702217 338.9171564099087 221.2423678935765 88.72522008249763 75.89320781440743 230.7736627434339 471.0001770878266 635.603755176186 599.9259915472508 460.4042181292534 390.5379162344955 459.7180646482553 624.6375314194763 712.7152394193165 606.7700179981555 422.9742100849368 347.7062581787266 460.5434547578045 782.7297157910028 1434.778336003358 2767.962339827392 5213.363329963135 8754.412163395384 12455.27105794726 14808.19830579145 15117.59771335274 13421.42790874044 10231.81519361072 6951.207414939462 4659.501303583079 3523.474870064974 3050.800038048684 2615.907918648133 2023.497859704331 1338.440680714321 756.0598975308977 402.9194629664606 218.3092382783206 119.4527055883735 59.91681393121861 24.6178775048531 7.3786978897874 1.407922045144994 0.1348666199793916 0.003247529184314158
 1857.989530679092 4572.442923975678 6038.777406929186 7062.338993118752 7791.812285551795 8545.478681843402 9808.820098677361 11810.32750860799 14347.75686515101 17152.98239558344 19200.51207822691 20024.22278289 20008.07213539993 19339.29797372071 18420.55703789905 16622.42104445373 13611.06295729965 9915.546663687141 6038.297861440305 2968.475743661886 1156.401527990495 489.8220241712788 1658.395071817906 6308.212607897442 15848.8968498113 28693.4755697337 39319.57492029378 43254.89605334342 40520.72392989616 32323.33124020457 21029.48677377775 10940.64153977109 4672.125185500631 2408.758907286264 3428.369793853316 6218.304989252212 8866.234166470907 9653.137522821173 7967.674732540781 5134.303733940152 2611.068482991843 998.1068700588569 278.1016527969601 48.31840920211354 4.22334180069134 0.09050757183504032
 182.2184300595176 328.6829838817586 234.2515398565284 114.4295526772048 29.22920341626852 36.19414055536735 199.670866046571 621.0576272621444 1305.824994210335 2218.120454977376 2923.026987189053 3222.087320471447 3315.362056314691 3220.875274949517 3130.689691932166 2877.89944687354 2005.810944345354 858.6218870624565 591.9272979937483 2154.430983828674 5488.446917037782 8701.314799521597 9679.985552331 8531.025356720203 6632.340062331028 5316.097116464969 5122.626246479307 5147.218014849766 4178.154589380069 2542.371183442845 1726.677565554015 2400.617550471478 3809.465796232232 4411.54467347675 3718.036671505038 2361.884485486587 1122.164595968016 501.1095886259947 304.3631917536791 232.0242310369197 147.8494251793159 67.69355492520486 20.56659794678008 3.743602606698279 0.3607446322187802 0.006137526210642946
 134.6193454158688 303.2732800053749 425.3470996629376 486.0627093765129 294.8426148151052 137.3399693923516 581.6016352491047 1637.876199030987 2565.425927952236 2882.038333167495 3145.223466438294 4001.755252026945 4814.249641612563 4292.529227966123 2499.584470978013 1067.233996979063 888.2059614207842 901.2447744086182 463.4068400218041 1597.330893158428 6304.303609112057 12315.99273427887 14280.33786448615 10123.12529879875 4359.697277652005 3082.584705804798 6496.418183685804 9038.901776696592 6898.702312415255 2679.829351582817 1732.317275727387 5330.880092032264 9526.634098760715 10240.59737547022 7379.769406116256 3696.654788275733 1482.056499188592 864.777905094391 768.4991080535916 583.7942733669585 307.8807322652954 106.6137817073279 24.36196361833622 3.238795361753678 0.1924224356025825 0.002243101386620493
 371.5052054644427 656.8179974552377 364.6086711063357 110.6599937106611 184.5136325101466 300.9327101343887 200.46510975976 545.6137452697709 2375.446081397911 5346.64488697615 7543.896642423821 7969.864614244196 7324.962341543876 6569.47925513311 5673.894978252544 3890.849609463173 2374.653029524922 4132.157117906759 10455.38419417811 17812.08720686231 20211.48267442613 17734.20434313265 13790.27983941851 10801.5381254269 8214.139814249604 4307.814187123292 1524.209683762231 2496.338006108591 6213.84249584033 9624.221361768108 11127.57439182478 10923.61921425251 9590.067150825438 7010.447062721323 3532.434654553798 919.5906898316686 491.6893285139008 1300.216680351447 1725.463152737964 1352.982832138175 707.3128531277189 233.714431668842 47.60364836471063 5.922737666273846 0.2892034550514562 0.001967916499408254
 442.9868938255821 784.9012649251533 419.4182668853994 167.7168499047573 394.1057868369371 522.7976176033128 276.3046317959432 955.7988847509305 3775.989473543672 6947.118129082393 7270.6110236548 5208.36854792221 4158.920567343918 5174.60081332333 5816.390021836707 5735.097244260141 8259.823020300386 14939.56104355183 19719.14066487311 16082.09100684613 7210.094622257229 2041.197887143419 4624.925319450321 9721.786407499196 10245.86028609709 5895.990611966672 1778.068772637158 925.3309183491243 3063.88595431858 6945.632249372155 11505.8636433487 14402.07244396362 13177.18356992367 8957.107254139952 4525.47583982467 1675.291177478647 632.01587164174 346.0964144194963 175.9844059392339 49.16477126234192 6.145295582110808 3.966651491644522 3.543620069101185 1.205111530039718 0.1584550577144629 0.002706257270327392
 140.3993902360212 315.626640398599 282.9699604464946 238.1176930914004 365.3223811384689 368.2201786815112 277.7848527429936 1348.413323845574 4321.609431186211 7160.544232410964 6815.881828158424 3879.836641674486 2333.359196986815 4119.014925272249 7205.924894412813 8893.742078963374 8581.526584353202 6822.391555638951 4640.118295202195 4057.830783423757 5721.639789961161 6920.72875914323 4908.449405060233 1613.36798532633 1872.519090349732 6190.674941620697 9502.104444100427 8025.950616807758 3882.469815488013 1580.474178628289 2137.559876615584 2997.202662735304 2411.180912500678 1366.237317262696 1281.351191200999 1789.170404667299 1769.993267391593 1091.321267364622 396.0125674337161 84.14671905803307 31.65283172025018 27.20093690342046 13.15750069580138 3.05755077051795 0.2880894103976516 0.00420310316769691
 341.0768691500635 578.7219013913945 286.0808152172181 149.7624550265815 487.0982828820467 635.1435583318204 440.3409843664836 2123.812891043576 6770.887677537937 9806.340885195883 6740.606471598161 2037.003097389944 2598.075604524635 6026.578846517706 5482.629347161644 1951.521390144773 1577.981310047956 3990.099555135051 4255.441790615742 2269.542855322999 1180.73917263768 2297.905806469068 6050.216843645051 11687.47045698957 14341.86589710748 10312.06201657266 4285.721011145514 2744.425338499161 4644.74597889944 5774.533672051681 6105.464526251906 7283.321317705466 7681.56187143493 5344.997078221554 2180.5200405587 871.798813255555 1124.228728019265 1178.374450469341 632.9089473135505 163.192967097178 37.11083726624317 33.78552953726114 19.57289137227233 4.948711186565228 0.4741493916647689 0.006454590797309258
 129.481792437074 202.9780093158527 93.94024864546184 97.07138934900976 391.2924571179676 631.5432889311444 496.1924720731818 1896.684831421654 7616.200785415758 14928.22371469658 16150.11671310773 9474.988567770855 2814.623822971276 1745.426042475328 2149.742872397119 1474.516362557393 4810.544922308424 11898.74573915608 13619.50512524117 7456.305256606075 2610.823907240165 3545.799371479748 3681.406317891238 2367.564632106119 5545.714192809898 9649.988069922727 8620.285143585255 8325.188923523712 11339.12403062258 8650.251530878306 4797.307803233361 16512.17851806896 34804.28546611413 34545.05547269097 16981.81766303341 4834.842208450298 5208.808468166211 6179.561002246029 3028.257142828941 541.8182706737795 351.1294901099609 470.8584618489946 235.585198407838 50.65092338283736 4.091710450365251 0.03715865604376364
 42.21350027250979 68.5711413960113 64.08477996618055 229.1629294888556 441.1262094041228 356.4249111048857 611.8526912066093 2243.811430656549 4075.249480352637 4195.671707164022 2895.3754671608 1604.855579868812 1046.080926027717 1269.650916535472 2555.004173844189 5542.850761749615 9863.201315876358 12407.10776426497 8897.489443233349 2882.159829483286 3095.325108991521 9491.710339674577 14671.52512726555 15766.18699586068 13371.20020062162 8342.462681638253 3719.404049913093 1436.580597611588 802.3097094198116 782.9653121756143 1582.372984911362 2848.506564649656 2934.269093089019 1404.212012798848 884.7020397942341 3493.070372183797 6902.546630473682 6928.463632510923 3892.374871860169 1203.747228243096 169.6065298691994 39.13060183231188 26.33776614080616 6.909687500709394 0.5658742825453056 0.004975584570510613
 3154.860470952705 4940.512180902704 4003.71002468096 4130.418058997603 4615.502916011421 9818.365334913196 13057.12090228658 25225.41680596432 100816.1329134596 232855.7346325265 279762.8012463844 187873.9615340316 86198.95343753116 70104.02230198604 97350.76652010201 88470.32257539257 45183.54628660115 14102.65854374628 5462.040012015475 2748.665615082688 7422.103264821385 17454.18501765946 18617.83745183966 20747.44377618038 38928.040119039 58410.22338753901 58513.22379103417 46216.49572250513 34290.11611125396 25209.16184265679 21021.44186369522 22708.54165097971 26701.52500452085 23098.75248633705 13631.34864802035 8151.489105826108 6808.625030794969 5243.197476366056 2726.552402663121 981.7380348722385 279.7621569653397 68.08811423927845 16.68508401364038 3.708806933045572 0.4128382070071142 0.005491256171201555
 788.6866723185785 970.4228629963353 847.8563773392115 856.0548728617706 2013.621654882028 5416.038835250243 4625.362102021042 21306.76216413654 85228.86895622323 141506.6138657842 109694.7347478187 36401.59553069732 5827.579155127921 7196.242634221599 6839.098399689703 5111.116161639676 11670.99450214361 21894.36710513478 21288.16565771829 10985.90775468278 11902.36914897915 15640.23627335838 10963.93864143312 42508.34481043492 102372.1267469371 95665.87659799172 42373.05623249905 32833.02772278676 36502.85718163862 16154.55010719028 5670.655090998784 10662.29534835757 10393.20460040406 6758.313121599485 4189.557452715503 1415.568902488418 301.5127689535722 324.5756960722257 177.6737530380655 327.8475338362051 459.8360435078307 247.8176022132578 56.26715877945168 4.530466959216343 0.08368072076380523 0.0007551936207823578
 7259.897543338278 15838.60004677848 13697.88352415615 14238.8585192942 13668.60162798261 23659.83107869078 50553.27949012936 73346.30626535963 354222.5682892427 964453.3961390456 1154297.696726585 737503.8349947095 458973.2803939017 409124.8169392589 255100.6845218626 85197.27210033243 27851.13737315153 26533.59498543526 26513.90488076368 46670.58585019891 132988.2930252089 204536.5783293526 254924.0224889521 1244603.355000244 3931908.890331351 5687923.289026276 4015191.217766596 1650977.18765636 1099326.224626782 980110.7711379403 473240.986207669 157422.754960197 85277.56619750928 81950.01099357774 97442.96537021294 80502.2060372915 62256.49070050075 47542.18484033925 25590.13426869055 16402.73987078041 14053.81387157492 8337.93425787838 3149.518383848942 667.5543842399778 55.21916528211681 0.6133617145679419
 1064.550450756238 1244.209026809219 770.2515282547404 1319.787761715649 2396.095493537981 4818.778364112139 5185.319849748736 16092.90533588064 44782.89288150366 54326.9207818639 33505.03658056115 14855.87206248977 10818.93003805684 19076.93270742162 28532.71901234955 18295.83800666195 55017.79021331755 170871.6300737012 181762.8381429294 88671.27600143573 137343.9082885864 214928.5426893172 227792.0292655966 1071817.862783912 3099471.029700452 3749292.63044878 2023294.567953163 562343.9850249621 310424.4762091648 299699.3671335526 196530.2057698958 100045.3658434904 116560.5064435039 154462.9233190758 78449.50199972237 29018.67947660194 28206.16192922539 18806.70935534556 18739.61143635606 14496.988706121 7424.398223825759 7025.795797807725 4388.683115055367 1019.420141724903 71.34766631336059 0.4313490971254048
 82.07671991479258 323.1895081205896 354.6420436132507 648.6095828009015 799.1415505598812 2809.01160187773 3752.359999737524 7966.336477471515 31046.65669232181 40248.56726361698 18227.95185004259 4017.783152914241 2785.174111704071 5555.824533897815 26048.94494092591 31238.82607009128 154273.9636887497 875351.0964364754 1779330.092386871 1572185.61748659 582562.6963592485 78456.77529683615 36312.82088139634 42908.49054900401 39308.16607772154 17059.08314385038 11658.01097041668 11234.06607694205 9751.630014076041 8203.01046135998 31929.8015381654 114665.3689430003 160868.2615656868 101020.0687644563 30935.50910206245 11251.04252315216 7462.30384976937 4152.907066486174 2477.121720220696 991.1382502617688 459.829656016342 156.7557872582148 50.73713632701995 41.61412657889694 7.379810998621157 0.08956350308030418
 883.1385755383394 980.6091711241986 436.5416291626312 472.3851892504685 1085.92754579675 1324.999356921034 1972.373903886411 2987.988376158393 10789.51402635052 36927.90298807379 49589.92371560373 34262.38329104899 15087.42451289227 5147.086584847984 13374.43599968544 63132.61987840003 74272.40779628465 337994.6117722206 1496541.850533922 2291701.061257759 1361824.511849478 288199.7644032228 51744.16560362087 52774.62561443064 79820.80474382878 56467.94535642304 44131.67223443636 38136.0298545918 12505.5208785281 12513.14977761894 57024.57725797231 482780.2727504104 1654490.558869082 2617556.175820258 2164543.368946687 963681.9457050714 219581.4921033177 23985.6284128107 3746.4029048549 7545.752835631614 9184.400405142551 5269.805064897087 1401.382335658936 206.8763846197674 17.40441111935037 0.1809370576855058
 360.8504139006611 558.3941504703693 473.9781656987665 371.7592045986065 271.4902352769614 616.0838121889215 1210.760503371629 1766.337858090641 5179.067161048632 6490.296138383559 8513.156614129497 10325.77921843991 10265.76186890273 12441.58737918562 6616.24723461999 3820.855498206527 67160.07664297606 206059.9639506747 212279.6101903189 92654.48420666058 59275.54756616826 47311.64442042598 14291.08328243184 13261.1105600038 21801.6783996538 16681.64508775298 16471.77229009066 28701.09706652923 20547.46464478672 5184.195715097964 13920.66314205545 69134.96181713243 106713.491341638 56226.16369840183 19616.05454759705 40799.23336239849 42007.70898781413 16109.64526324396 2314.762996296913 1266.891974289418 566.1509372207535 109.5610536790211 45.14064481378727 13.89993111279525 3.122710126291062 0.04915397011689909
 140.5963482519017 179.1228038408454 50.01479268234533 36.50077421045717 54.99974063876362 63.40228733611752 139.986816863429 178.6757796697423 511.8293135311357 2912.873699235138 4431.099969276743 3564.043608352012 2501.941935286892 11054.90081981721 39704.07001949311 36352.21638288572 45254.00926152414 115370.4535499072 105817.0906013463 31340.22945750094 7591.692243865539 20854.81045784765 28507.26856809821 25933.00132749822 41244.66651807956 50611.6038175041 25168.02300659085 17584.05721821236 48022.66203336918 51961.56275565952 24189.90259049452 46534.86948417884 105435.6242454432 86256.1628705701 24586.12447444386 18586.33681525181 36635.92304452036 34384.20508396682 17603.71061851501 4464.952004673103 1280.069773794891 851.9885431201579 257.9453858451633 58.99341824327274 5.746371679702984 0.03471415351991404
 52.23544711629533 80.72700686423063 138.6751478971744 137.5210980252601 63.27366359275026 103.5850630330748 232.9101078282188 420.4742349306066 595.888058773779 547.4677986191543 738.7431052255554 597.1132118203451 131.2860432946231 1261.430094121079 3753.456578344228 3146.90727320775 10339.28850254393 35756.99727109605 38642.23281551123 16513.37834898758 18928.17617177737 22938.03737992129 9185.44782582992 8322.871136528789 30133.36220181889 32210.28354086061 9778.595349250838 1964.576464447637 3499.216520580151 2787.393068453994 4635.24722769001 33856.05139402542 64483.87128287408 40613.70311178787 14289.94799398082 30235.06566269929 34646.59398048457 14285.46680201564 1913.770788026638 802.986805555367 472.0655097224655 343.4253413140257 503.2252149807717 258.658532516809 26.77803342742421 0.1669297399220878
 29.91902174214689 155.8482631196333 226.5263016148218 141.3807586454311 80.60354348263881 183.8266747535891 250.1987146863223 336.620995286601 1696.53323950306 8135.446692395739 9610.024072536049 3027.221829938499 602.5073645458054 3835.277356685808 5448.398415033455 2664.628947540445 1017.381625513259 2142.708754327017 2276.226405431622 2390.723326219666 10688.20842448238 14390.13480162318 6688.189210835819 18735.80285325309 52335.58336107338 42405.65701987022 9341.735300565775 14910.38693382456 32069.09818419666 22072.1833059727 14035.47811648049 12613.29883505571 5605.334526453191 4840.139023422458 5041.823505955686 28564.42613391162 41861.65906688913 20504.82144480634 5471.546008993981 2912.5585706036 1053.681042814735 1275.19915808683 1382.709460812296 626.9318602251406 52.08306699838236 0.2244410731931465
 72.81545765618817 317.9694821501894 480.930758362013 911.1502416527978 1053.71573121326 1141.562247166217 1985.417692711822 3812.616616362911 19951.09577958949 51338.9066186467 37999.4459592883 9475.437694491025 11497.66790398752 15825.71043479365 35690.27408219771 37769.01836171342 20338.26985734373 64096.64710734992 109708.1159832047 80540.00659802101 48637.78353130139 44955.2846156321 48559.79978186585 90155.53847819347 421328.7922265439 557601.768388326 241184.5288836691 89658.00570452881 73824.43397693719 50539.1921851822 34924.6540180646 75233.4697270512 140388.766481993 78912.25471085077 34403.91513333148 114899.4853825827 111166.6806459909 34217.79085906652 10483.75225019217 3012.696764468331 867.2949340615556 639.0271225037868 1226.857180078723 842.9062012226092 122.1842700288408 0.7469776569574236
 123.1971201289651 322.9722810097102 1666.728299077213 2571.029399509518 2529.424172434465 4265.219608932133 3707.861462786909 6155.885089415656 22539.61499421559 134179.1854418784 221760.3013271848 145939.0942988378 67673.50136087187 101862.5299272384 141374.7158569903 71799.05012679221 66500.3166306794 198784.926554108 159927.2072883226 48727.37044815397 178174.2024145306 251642.2984238919 114565.2620418726 68096.60098261159 191761.7658404555 160390.2091100729 23666.28883483749 42980.89075146674 141362.1336170583 116225.955424612 40795.47615113234 95457.08988855885 116851.5759862318 57550.65309971853 36298.94271950652 145518.8396312254 190807.0970078633 76001.8286090413 13309.89666943702 7281.123073646452 1734.610674919868 2849.143860876696 1757.921587046571 318.4211940888075 32.47996349553678 0.2047953929633433
 64.7936248534884 364.6343079436141 762.5405086780023 979.4362611331949 2026.785556153283 3039.062409966351 3686.885712399355 7464.35116358104 16534.23185242786 41544.41450497056 61887.01740359674 66107.75070682251 47779.5013082235 30415.14971082461 36844.2515321779 74616.73974440568 97576.41954595863 72116.11484195098 66554.4838531328 137352.2248027542 1122706.922439945 1708298.906792321 848460.3327295923 200307.6762782368 67815.68302210409 163312.445857402 160941.205378336 62144.46774930115 80836.67022387657 71378.46855299034 40532.45494517098 36986.70189019274 58510.678540357 78543.47131174048 76543.27880399075 137182.0418952738 147866.3634943794 65620.97360659082 23434.4586199546 4138.736701540766 1037.7463886532 3058.776185590993 4346.831313408639 2031.483936412833 256.056955912395 1.564541336456271
 194.8812402606275 263.8954290498597 459.5460900097899 982.1420008187567 1343.100068276677 2154.058792801367 2235.114213150261 3164.607594699022 9479.020996660704 98814.14274208265 194815.6013664961 129824.452072847 47920.24690669059 111205.8978430001 146979.2044352982 95548.94575161477 93471.5130532177 182151.2368868278 239611.0420304636 290292.9560500843 697833.1147980748 1219593.042847011 1205183.764645478 809402.2495022379 1164620.918102384 1307889.120057015 551934.9525491173 151969.1526918756 157499.8631577733 197274.8888291938 154578.2037579489 227143.7137041332 334514.9656885654 267311.2616972434 197400.0980802847 403855.6278874207 1027873.761301655 1063511.561624838 534898.2419574737 337456.6372207209 245635.1777205013 231797.5848147432 195769.0674833615 83794.77836495059 11208.82449301366 58.26973094654705
 131.8489347936067 410.3748527563965 612.4665027312161 685.0736849211675 1021.740133564142 2647.438647757776 3750.325500503647 3919.236637143256 7327.772901569351 104089.1109515288 180176.2422673863 242949.4067819265 274885.9083360063 174946.9688440612 102210.0180728658 113201.3318517772 235831.1689337593 312239.6473958848 417094.925378356 709972.7443321726 3445100.57073787 9251452.63331629 11333709.40629586 9398019.931309391 7590781.977608966 8058191.500239431 6056228.993576837 1478993.693723186 407559.7751647788 359003.4279309043 248406.6242317483 232121.5699882229 269921.1527466426 171371.4023272632 84995.74800869027 545093.7380075651 890948.5901158197 467244.146586345 101385.7757525262 31303.70550453662 12055.30035710044 11612.57035201375 7491.575635179157 3709.150186068272 1566.044494329195 15.14823672491118
 482.0775775593172 1005.752737646971 671.1341178283171 272.5992623621125 397.5379471939418 751.2411228743583 1103.391624949894 3699.415145961629 12995.82816532804 121315.1028342052 140235.719272744 32629.24547071284 5846.123812531494 38542.20703294905 125072.388526002 95812.35231480135 20196.48650720338 30739.89335792931 41710.86210571617 26474.215630579 107857.0783345515 238771.5746030981 137330.8051697819 102287.5419498495 535533.1866480419 536420.3051720504 128112.3494110444 89290.30213648349 171357.2569592631 129576.9039440235 47419.5011778114 116359.4627446765 283715.714051802 223992.3200335301 43540.44027442564 18189.98288962444 49546.84831880021 75178.5664852474 42385.2032569016 15968.77707988436 2204.803393054677 833.3955256389061 2553.881243602294 2665.62276417866 510.3921144850508 2.229772314657352
 422.1300561126139 483.5662283723427 197.1706448360441 389.241299268357 1005.064524348316 1580.868691042724 1514.081846648772 1456.355185542417 4943.036500775962 75053.89458926528 123784.2073967656 61179.99014202893 13492.328060879 81300.37488767336 127619.9382190912 76693.08240920631 323066.0991255842 874235.6699282369 674163.6388488003 155189.9940206055 605914.3903297578 802057.6269404895 292612.6941110278 90167.58921340076 636974.3352729647 760918.4740814725 192538.0583872786 64841.73788065682 138768.6688386279 112467.453337254 23875.8684987273 36454.58922707155 60443.14711007654 37013.81155811462 18197.4266080363 59249.61844937918 106076.4415920257 58907.84863423448 5842.296171327997 3728.758574761211 2422.425998185561 1412.341039138652 3470.215176492037 3170.942506183501 613.15711281022 2.991607781903535
 78.39008173337224 114.6787945928187 180.6474261513021 1090.802340918138 1591.221445051425 1149.3499121134 1669.382518138638 4184.68644703298 10290.5885414492 16147.04455982183 44656.37680782406 66514.10742197461 128756.4483596157 290161.5918747485 542860.1826088583 1082998.18302541 4904968.326525272 101229619.5042745 209077028.9920083 157431522.8327184 63302367.43693466 18454405.21800033 715805.031597582 187390.2961711591 57767.5999293444 44563.19277732648 32560.91365207594 22411.20241408093 53713.65089029273 63423.52904071921 31019.65054804558 30854.74082842541 26342.8856167043 14040.03147093531 9864.332576697576 69966.61067644815 146998.1638635243 92392.56207135106 16582.61541689507 4437.079004171741 3453.33635820562 2736.174581657046 10075.89877973605 9775.922544210649 1268.881362298403 1.61289799349097
 184.7819803854399 219.6192471419829 154.0869980796846 347.0850696204935 627.2892864529883 1215.208825854282 2023.93413267887 4538.343573275368 20810.83930614518 139254.301571282 137565.2461352694 22318.73016424006 31217.39365875096 121323.6625772536 127660.233247227 199060.6225334368 1715978.818417838 4790939.909731657 3377411.654925188 405270.7272910901 313726.6188231121 62382.54495167354 29080.81408720098 13148.39149952226 60784.23695216289 90854.97031743507 36671.05069070458 11816.73104798258 25843.63769729778 18940.92248522428 2991.950177840955 6379.528785520857 21871.08063081739 24634.63347566962 20599.46773635077 89275.78892628236 89241.39986654391 16206.47249990056 4456.818936572114 1507.559913445826 1116.45611526543 2417.532650280101 6261.582466590007 4634.309309801897 408.3422758071854 0.1380966916666939
 75.26804407842127 158.3489364312969 162.4324645953429 248.499682177395 1041.20797653486 2634.153988008394 3800.883824758227 7032.601543078959 47940.10181412046 193005.6289063351 178873.9031053442 35689.69194672295 14971.42698276946 129188.2618673463 161356.1836980669 90950.49253987067 537312.1477437445 1224890.893091311 817349.5005264195 106047.3937392321 250008.8876343047 300103.5722618531 82964.05672444927 9025.32565020412 99259.62778202294 117565.9327541274 26421.74870844027 22286.8811433113 57161.15238310558 43341.74338012895 4024.762620102432 1473.783769833959 10882.63527848656 11562.98927130539 6261.191880084869 51876.28779420177 65005.19610496019 19806.09728752842 3122.430700350865 1670.901092426362 777.0017781116567 1312.072595826168 3202.476752952646 2760.446145942608 659.3492963108679 1.574436912367905
 0.04645453744428842 0.1262568636378135 0.2578049863320669 0.5467506012619581 1.026776806073385 3.164910951685958 8.001408365920183 8.386937346332871 36.61468447820549 1609.435117214031 4483.114383941343 4452.25586806596 2376.549673826976 1434.496243876544 954.6099014888057 392.1610459815619 41.75336682562595 7.375355465721398 6.597337866954295 0.9310148798412442 3.558679705509236 6.402104116197512 3.318498951488642 0.9886043890912244 7.855549616444748 7.530117432688197 0.6479893723104453 3.143948147264259 5.918116141804104 3.007123732299048 0.2044221726252938 1.233091348243103 1.376326202969356 0.3116627878003263 0.07218922323595697 1.301279548443875 2.242166840735496 1.161387198399646 0.2035524894118442 0.03024543607951576 0.02270231006506935 0.009875746241685759 0.04243443612448502 0.04603623744029522 0.01056248564082117 5.705286608705629e-06
 0.02636788298324762 0.04246220705298556 0.06295640490703576 0.135373760238844 0.2728959699807982 0.6884431709212282 1.60938305772841 1.659979145368802 6.770106243864376 299.9752542676031 415.1267809693098 125.8005756925657 15.70728517128091 128.2407095615757 213.6207212841596 102.6135069541548 10.22219263049775 16.45063887153908 16.15551593366503 5.228907031358453 4.422295198492606 20.05775278572921 17.78933814875868 2.310714254802329 23.09971836274191 29.19614319553265 8.63398476320787 8.141153520257609 31.65995106145377 26.53015408945591 2.920237550899309 14.3327997393946 28.00790271608606 15.43741511826344 1.00397272189708 14.55649506497031 36.95391430806704 23.49845177475506 1.028978278762524 0.2615355216250694 0.08443706962731999 0.1334269821191689 0.4175142574448787 0.373489195684538 0.06902954573188766 9.762658001788432e-05
 0.009767437570153453 0.01357027520999764 0.006900886107399189 0.01229918878965549 0.03215679617006045 0.08721993519083313 0.2763597870108648 0.4505827203290046 1.087566362302015 17.50235310726745 21.44866280393879 10.52835033619703 42.02925268930141 1056.467804928612 4185.203553858891 5398.110448837817 3828.440741832228 2189.097431704269 694.2398182346849 111.5982503606543 35.59178282310341 29.95133210625765 8.559325974067562 7.437588921457876 13.6436967991204 10.87800966201318 1.940031823615016 6.307018012946597 11.59213638145125 7.026690407771219 1.824477366348392 6.791944308322726 12.26925460573292 6.946058686951321 1.674424798898546 7.082021245671578 10.09107450309099 4.108037070122496 0.5713750186303377 0.2260841018898372 0.1399758096824016 0.07689585188672776 0.1415450151612331 0.1670537327858001 0.05318804161521248 2.414630867150849e-05
 0.007476781387393291 0.01057477056293873 0.005904523906467167 0.009091621075928232 0.01632668221029486 0.04527370017236426 0.114294840355846 0.1953468901648941 0.6583421854915567 5.548022279282465 8.763481796080146 5.738684601500287 6.093761805604824 89.84863206840646 109.3229257053513 35.64659800588968 80.27301333886848 142.0172056939251 94.90590336057367 22.92871212406614 12.33942417886264 19.27165380945219 11.41504070629328 4.770156350040674 6.398426154215052 5.55616246913657 1.519321976400863 1.160646635387781 3.760166156675341 3.448255927436488 0.7716420428443489 2.672175539884372 6.785799110810053 4.930166426289289 0.8925876440380791 2.825988221503458 4.46606053156305 1.912021490391743 0.06240665099137251 0.04738218397785179 0.01537132278695022 0.04783691753679192 0.2512718422177737 0.2670151041308536 0.05867956293958008 2.607025403663489e-05
 0.009074879978429934 0.01006992012284155 0.003587852460243115 0.005461912774897023 0.01379752667366964 0.04166946685930113 0.1043367134344393 0.1923801468886464 0.6051570110209821 6.974569386546073 8.811445271388646 3.105827138975645 3.479249327105651 10.36055562314675 34.35040137468382 37.63481066816247 264.7356131586326 1504.873540486667 4189.773553394656 5411.250733750885 4299.349696132724 3004.422310102418 1211.604884929393 50.34568010067091 32.07032037517807 20.1700237113139 5.587663019248323 4.616655151859405 7.999631931131084 5.523562564504109 1.674642346041209 5.931442191904814 39.42489257720838 35.0574170151672 1.568159023807802 1.807585806962714 1.939086802043352 0.9380635522887637 0.1777155652710246 0.04673802607329944 0.03231365594813675 0.02079836213806983 0.04450096419811587 0.04463275862189568 0.0148115315102145 7.51877791266811e-06
 0.008747916631964213 0.01079333427222512 0.004614046362649083 0.005901017357981523 0.00535943776995867 0.004995569277424694 0.01579457115797931 0.05180570983886554 0.130199741934737 4.464587866827954 5.557478451140997 1.380258629092338 0.5974348268281661 6.385606968927138 10.44962416095169 6.854634322825478 18.44474791492456 30.88121339860379 29.79597997062171 30.40318762054083 389.0013302586426 6578.467884226148 13106.62429826044 11237.90860165622 7274.242582366769 3219.375988600125 290.8873113427373 24.108919948923 26.02994698191678 11.62682569117699 0.6860650578362502 12.04075822956926 14.88376097902946 3.708255368840919 1.007049351728255 9.0143272727304 12.11741419606188 4.06829626288591 0.3590952603306701 0.1115853905868653 0.02999357228613529 0.01684633496592161 0.1148914480412831 0.1732735706581346 0.0708635935791401 3.67173321886238e-05
 0.007647749013411219 0.009581961620072535 0.004268703862475305 0.003070941070829319 0.005740720706923427 0.00986892996867471 0.0202148795398079 0.07267715792514304 0.2510351356530345 4.849274998677371 5.264614385984347 0.8158590508030343 0.695891002653251 12.36122351436137 14.92059184373842 3.745531014155686 9.58459689652477 58.76691808678525 66.68553302967878 21.63518438313296 156.2065086238858 307.2008303409621 233.7565747547737 83.93229953165608 96.17213251766715 197.7568099110933 113.8079976085425 10.76951159290182 11.24682856976667 10.61870387151115 4.170605641696646 0.9971936727154778 3.363184955791733 2.669673813020504 0.1160312290116567 2.092919433236446 3.064452768762511 1.092810758880747 0.0660757543742658 0.0168613912840162 0.01163317081021426 0.03648602109792321 0.04775150303563577 0.02947719520664298 0.01286752912297706 1.140252998325707e-05
 0.00998902614338929 0.01133845928567947 0.002363627836444252 0.002216048574055016 0.004469928110380396 0.004599771346633677 0.003120462097276286 0.01120389531357448 0.06413942306232723 3.393298630710715 4.844668589754234 1.555112897731176 0.1523028042800865 4.696915223654719 6.558184259810669 2.272315194228195 5.472541490669228 20.4805692697531 17.76541647069289 5.110482531729383 33.87507221038235 77.73897895164549 85.88043937986976 132.3774342726699 6836.958430017666 10552.37477848998 5607.496145736708 3132.105436893014 2001.667955089532 993.2838839451504 328.8874032787068 7.908692395718271 16.89931664990346 13.45266315377727 0.5199914715643699 2.98524225946797 10.29835046281787 7.68007976446094 0.1168301055429036 0.04473622790817949 0.01475761500408942 0.0168093040286238 0.1437624681705105 0.1586298409187749 0.02976868832329436 1.835574420813452e-06
 0.001994980193502293 0.003887777212106618 0.00314576890690908 0.003496959105727108 0.006304203957601664 0.009368328503360127 0.03599018698921511 0.08974113639551948 0.4271325665706779 6.712049145124007 6.822115834957407 0.5211966363997101 0.2689026067987344 6.351658843538273 7.157501625735713 1.485567743473836 5.406692867918523 16.30487611167625 12.19603913069097 2.427602295320097 18.29694131601368 19.65636477595631 6.742631087262543 42.11002845242787 245.8758361527308 225.4589639680016 28.98605000164166 144.2187523968696 198.6272749902357 74.64079608375636 12.12695734560403 18.7511123968926 20.66502993027756 5.536971188560077 0.9950841630387259 5.044690513340035 5.545738844409297 0.9920432585078426 0.1518343176152455 0.02624763954119351 0.006631829522467402 0.02519626176819792 0.21538031595437 0.2240360868822443 0.03345243914984079 1.450692260893151e-05
 0.01140409114552266 0.01239612933871567 0.00401115338803374 0.005188749130740605 0.004419979893757436 0.01075222451755911 0.04180411360565698 0.1065300504817873 0.4682176173460645 13.26300506941981 14.3975610031922 1.858811257977215 0.6434769837887653 11.19653193941119 13.94122823825806 3.546595227504216 3.915377895978039 14.41570841666616 12.06574647447603 1.355677439304057 8.71834718380944 14.09014560171366 6.438237002840127 9.664803792264786 27.40336021096537 23.26828765348841 18.16496945591105 748.7040738062468 7348.181101502059 12523.46083308865 9139.824571689591 5188.559093787257 2763.149925341796 823.6425727038092 24.68596349521457 7.144466154250178 6.037394068196114 3.977178846861293 0.2285181514951978 0.05774054417137131 0.02366010138996352 0.0127142863044271 0.08573634099118208 0.09969139495521115 0.01776685981040667 7.914036764498579e-07
 0.01780480435395481 0.0354788707528693 0.03049734777684858 0.01597833002368565 0.01798241396627896 0.02755389609188887 0.03928650200784242 0.1211534490596669 0.4824749443977887 12.23805272393737 14.68864881328371 3.124486400440981 0.4368932783354214 2.97716889280868 4.692809312717833 1.9715196033024 0.5555198419640707 2.901369196563087 2.964203356427537 0.744735721587219 1.992795345978211 4.309324448400297 2.790447457269178 0.6438345489971725 5.998424139622248 6.237787675037435 0.9724685881582756 13.12656294833346 70.1493136633764 61.04211339077305 5.684538666487803 17.99862331268022 41.49471998651568 27.23691039737205 2.575826696214113 8.173566498290308 17.6059289373814 11.08869885485983 1.027756538668282 0.2683857735197581 0.09981222935425008 0.1031186281917719 0.1818185019265919 0.1386666241320866 0.02515396587530486 3.514690373601514e-05
 0.005234471761148964 0.007623767092310173 0.00361812322649804 0.006474078213028143 0.01246934901571976 0.02639071798122703 0.1098126661444013 0.5297897518795551 2.235965592070688 25.58433602612129 30.94827668314246 7.734740303054293 0.7221938121765042 7.1064604809678 12.61631516783656 5.922457215768815 1.631274190874072 6.501020014017859 5.415140201103511 0.5160039281901185 2.585464354966294 4.436207525985244 2.457135566299856 1.387808174920871 14.25303412440865 13.94300127307141 2.063199115797161 46.32855833939998 56.76960126650891 38.02729952057729 89.72321168992997 7417.228971491077 16275.83960471932 11811.48409150002 4623.411032589648 3088.701188018058 1499.811470118795 156.4375539325914 12.32084634125231 1.177596782208658 0.2162125383795678 0.6856919494943546 0.703102403938338 0.1157773051971275 0.03492587809172544 9.886880889468221e-05
 0.004285277393082283 0.005626899389278418 0.005775246635336491 0.01831905338696744 0.02744037942682425 0.07296528788412655 0.348796474070095 2.228566723529882 20.36863788369383 3062.650397035231 8488.88078069246 8314.119943275504 4339.120806032886 2004.064830559189 581.4911737736761 47.41282712939002 2.453730199664451 19.89564857918171 18.96505089552269 1.58595488607151 12.48372234288762 17.20074407720731 5.254143743965619 1.168344999035071 21.89820443373674 24.41004472204176 4.782971736238287 25.11076577626991 41.22692717402525 30.21231972165961 50.10694892714952 534.4099197123832 682.6754653258236 225.2434442451072 107.578842566202 3291.719694888346 22194.5473255133 31447.58290736963 18669.98244103248 9478.532840799229 4979.052688274276 2491.940707130024 845.0795869006084 47.34246879467864 0.5945694299085319 0.001032591597104759
 0.0413001884701857 0.04351732242937772 0.003903468300083153 0.00386497959666123 0.004264118610597293 0.004587925919464648 0.01725231123360383 0.1130610128179036 0.4458597410405688 11.74262537373436 12.31344291769448 1.259253832549874 1.399663451836443 33.01716637384616 40.36257386124844 9.657636632711025 3.729881304829027 17.6256960069103 16.22568758884864 1.34939230682993 7.877383457330456 19.79112944382103 13.17802929450103 2.33378522003774 21.1577810737368 22.04410239426075 2.689511015328607 9.378355793122189 21.42700180779255 13.71256108290932 2.128981926834883 20.61101795360322 22.18514780902934 4.038519942771362 3.606645019049442 54.74310274899531 61.30980661690415 11.27350877773384 2.992489769204217 0.4289790499776061 0.09678368376557402 0.402057795564657 0.5680696928308618 0.2153601130678887 0.02788826744667103 6.630265662677207e-05
 0.0211494325995992 0.02204406082984073 0.0025093915998197 0.002037170582055629 0.001196565571055533 0.003109068331532913 0.005900550094603899 0.02023950466811976 0.1144068873984901 1.108173881740572 1.342220406677874 2.343466138175824 15.99902915567432 2643.612933805282 10307.32506742562 12367.57826907244 7359.707406839471 3736.820475465773 1083.038745115497 16.61301252581703 17.96322227069122 21.44723825439198 4.617244141667475 1.705538931071025 10.55307786866725 10.80759745736492 1.578733849380727 1.921323351922625 7.12409808585392 5.497403647630511 0.3567012957151424 13.03620874129089 24.45300812044993 12.58866798109072 1.875532335946638 62.15799618809026 77.99616280148712 17.26525022727682 0.5724866268932911 0.1231624679152873 0.03635205501424101 0.1143510564130439 0.1431782562078329 0.04228882791156614 0.003365691803842491 7.343995304543057e-06
 0.007829429715581619 0.009757946872155756 0.003351880454841419 0.001900309169710515 0.001073863289857363 0.004871131295273915 0.01010444408196321 0.01454702413358917 0.06693500161501878 2.588969008403578 2.857505744387913 1.005778627150855 4.612458290866432 107.2586875971869 112.5969462847572 12.45311203000173 41.65126591570796 261.2958115234262 226.5181740861609 5.666869510049767 76.55137881917112 81.64504643388661 7.698512189650248 1.159181158759757 22.44617270687154 22.35580184369339 0.4718169782570868 3.747911946359816 8.643409751085322 5.120687905138106 0.4791124801325378 11.424804748811 17.89061574056346 7.283027781912268 1.232464824349519 25.1020455132971 33.55519080887111 9.533551315705699 0.4203253992163222 0.05603268009601969 0.01811878999951221 0.04352269423792728 0.08815909382457189 0.0545901868994052 0.005654414985963271 6.802152886188764e-05
 0.00857781184109389 0.01275175911523061 0.005705412114950507 0.004196488095880305 0.004365322824620209 0.002678665144422478 0.00269370158666743 0.007419363092304132 0.02383923967984567 0.7914686443247614 0.8129615054428623 0.06434201547075841 0.1967967075940835 12.81256600691082 14.28673805807121 5.393454501009186 67.12522952999376 12403.69203202645 21227.99378502219 13621.86402238775 6874.691117802903 2203.562023956252 64.69874496215284 1.773711301340091 8.350137070443514 9.445238854615159 1.392912088476789 2.023866274435612 2.908876780432028 1.422278001789636 0.58243075571027 8.344171457506643 9.304193181537025 1.298221426925414 0.2755845781722159 11.83772393263167 13.45894451695267 1.847326684923583 0.1048422499430029 0.03214956063607326 0.00475230724534751 0.03386652789855454 0.08154415629548117 0.06218199174255196 0.0129592339754687 4.016751976200822e-05
 0.007227534191657259 0.01056379546334616 0.006285891545144876 0.004924198199021827 0.003191719113551547 0.003093344829222107 0.003285099420555982 0.003177221034756875 0.01310185089942472 0.189921629885066 0.2078800373718387 0.03481474056689093 0.02283940417092636 0.3953055049697484 0.6063276947860911 0.5662604383687652 2.486159656091412 16.31780374586458 15.114296368651 2.887230231166465 95.09660672429504 1298.652896606382 2291.134006210438 1812.641603437464 1106.272038415839 421.4802648702849 42.43503311959618 0.9329603373456746 1.920483476017386 1.253654751750218 0.07498341627376059 1.015669429163716 1.283671590119173 0.3463893047796599 0.08731223056106382 0.217559866779514 0.7641207187023316 0.6004721785101667 0.02224565578323392 0.008700622075110782 0.003501396000842305 0.003944975388590636 0.02815371297133301 0.02942095041615796 0.003899846829703495 1.958898382688422e-05
 0.0009404331378402891 0.002229454153331421 0.002030458838910256 0.00204276022760831 0.002087420551159171 0.002463990148199042 0.00304999599830508 0.01828244481940183 0.1058154957724693 1.168995204711039 1.208175430234853 0.1423783158730693 0.0214665340919225 0.4056339708784362 0.4742871879535597 0.09425566376432409 0.2918222094247083 1.700953070868006 1.461144775943821 0.328784289021859 10.98459649008857 14.06975490720451 4.057458812281606 1.107655201913734 6.829090102946052 7.521378675111963 1.37447044050549 0.8593925976607486 1.606479423650457 1.147377775127111 0.1963262918268016 0.4817740461960491 1.110520989793509 0.7022791302536562 0.06334242982211374 0.5102820326360172 0.9040735548130979 0.4500185658553625 0.02110509609052753 0.00301980617852379 0.001696555038968098 0.003049464356394701 0.01214030183630347 0.01487766008809257 0.004804985630790184 4.638922439246327e-05
 0.01243299908835951 0.01364102498918471 0.002738230703485603 0.003504350705982515 0.002746482956114487 0.003162159777554323 0.008802603303466655 0.06756441854129538 0.8704866996045042 165.5009743547608 313.6954389870965 245.9013792154208 167.7708616533296 110.0955117028711 40.35960931680169 1.180496596194174 0.2767516620970416 1.259524981349673 1.232617561890182 0.2707952909394249 1.464252901845964 2.043251055358709 0.7591599027710378 2.188098066508216 901.2818138659374 2609.294672227447 2275.673400536813 775.712331596025 273.1741302275242 64.74159736196528 2.053627327175339 1.319809908066783 1.136961531933382 0.2041878527530708 0.06629067991507326 0.7899203082507498 0.8662526266095399 0.1248672639107267 0.009669536874782711 0.00399695559013151 0.002522401215873772 0.003649232496006733 0.003885668890016131 0.004375408858318055 0.002865507433039092 7.579030859290514e-06
 0.00156397883649954 0.00302990924377828 0.002100273162904674 0.00321742001397626 0.006555199498598129 0.005453553434709379 0.006079812275001316 0.03119923824491095 0.3111341611991814 7.818949467548801 7.798892138806798 0.2858846730312691 0.1395280190939759 5.07929477764264 5.508116993582269 0.59909894682376 0.08754867316142351 0.3206769022353846 0.3009068745889855 0.02204804438926233 0.1859408944047935 2.325662220979734 2.86982764708068 1.170071268374301 7.850965009361306 7.696041942513006 0.4997338866790656 14.3190663079425 17.67456044331368 3.743985498065445 0.203626234382519 2.392899574103366 2.516474269835303 0.1741583321559906 0.05656955056539618 2.291436726673209 2.430740674090093 0.1988392537982177 0.03197252397452859 0.004292959976805138 0.006256243503412273 0.005896572591758373 0.01071789487327859 0.01503857765933775 0.006461616963086333 3.084579061506551e-05
 0.008652402634260498 0.01097259689598751 0.00350191938751696 0.002313858213949019 0.003356840245596955 0.005123208712570667 0.004706770236827673 0.005768869703057787 0.03210263234158615 0.8699350783113459 0.9146397505641466 0.08549895835670882 0.1538902610803483 143.6857177276923 622.0795824829233 828.68986043845 547.4011400744151 268.7676974862393 73.37093460853926 1.884758293650743 0.4091903712783755 0.4453239924491012 0.08797086000164214 0.09263934999928704 1.24292949586681 1.240910165371623 0.4324444800449217 42.45058268052556 681.0400476286882 1216.516237509365 1090.10635834114 884.2093741189422 425.3334497501488 55.61942963049184 2.153814962443761 2.986873662017253 3.802824975377597 1.037215396751191 0.03086657418503049 0.008290160789100628 0.005695980251604094 0.006191364498565048 0.005845418399004612 0.004987591102533072 0.001779849525989575 2.429118939531015e-05
 0.004411522968932611 0.005199128256785044 0.003166183532247261 0.003617761862440195 0.002673767262249955 0.003044146637262653 0.004314772674348718 0.004059757258459482 0.01886961751054966 0.9529751769838253 1.082284796145183 0.2536955449991972 0.4189875120057976 4.616508910689542 4.659341264884944 0.386477165733389 0.4982134950147718 8.067709963335711 7.678669246574218 0.104375274188473 1.525795953678052 1.840993929363785 0.3530359764512481 0.03293214323520915 0.5720401744177341 0.5821187263526872 0.07225954732374412 1.642536527950827 4.137925325285082 2.639548930293183 0.1819041186611731 6.388638667452879 7.110269894993531 0.8402137479600851 0.06905026092639181 1.745742830009347 2.004526115071936 0.3199747353112554 0.03785762417936717 0.00703335276070762 0.002684820577982131 0.003634858624075713 0.006525536646315402 0.008256687191338787 0.004517212071164743 3.677240649655184e-05
 0.008838957376617992 0.01125211262956143 0.004371501225195324 0.005382333001262597 0.006152942356055313 0.003776097923655401 0.001966037463428655 0.002503713140315581 0.006621951961200061 0.2613215090966769 0.2788394980159508 0.02785777650780051 0.01482916994909332 0.4563068838625309 0.521105629158266 0.1175260690304872 1.323180094968687 95.9897650351425 284.8873053448143 300.2188669491821 156.1799333875347 48.07151338137251 2.111481576650278 0.200682783601209 0.2634273665603905 0.2629536471655095 0.0276843177013502 0.2063543559813586 0.4010569484301565 0.2310798806271957 0.1913401590275263 65.39499333596589 239.2897345089364 287.5154352876996 164.9593601210391 69.13477997617717 21.43537257401324 3.890382025130889 0.1138434386505099 0.03076897683667055 0.01258404922219301 0.01206358363126564 0.01204580528333864 0.01240290496993615 0.007298577144339196 0.0004053388064631167
 0.01206039614436363 0.0172210720218356 0.007216668043680334 0.004376405137365726 0.00422318986895165 0.004300003542797582 0.005110787378450441 0.01500812782622109 0.1523657030855886 43.61473125312764 122.9424507567257 125.5596804163948 67.11690320543455 30.29122902216456 9.796397519858928 0.559780751412414 0.563882758252656 11.87287652049317 13.45051687256853 3.222088712138191 150.0689226077969 820.0330689013899 1098.763324167655 569.0209216128713 174.7815980389773 34.76218216315 1.402746556808667 0.2363100906586195 0.2182814828136059 0.08691849727951782 0.07433043530198502 1.379214639675861 1.5795094271995 0.2969630212822046 0.09169775406899429 52.64579467959672 201.8359569583302 233.0983165701262 167.2138017098967 161.6364999161305 133.7373170796227 75.06968169083291 19.84253573732425 0.2512901251180115 0.01745322885457595 0.0001488496418107214
 0.006366664006422928 0.008218000131225782 0.004546707599904287 0.004028967245114706 0.002518232602575791 0.003775774765404313 0.00426699401375838 0.002750141207397389 0.01632860368688633 0.4185616272092272 0.4331454701168795 0.03418308230075884 0.01118176380055985 0.645476253229632 0.8196434543650408 0.2579804890764114 0.1088399211490993 0.9151490925159845 0.9067712604262461 0.04129660820265006 2.555875185335502 4.133110405738108 1.705319991273662 0.1632794497830318 0.8806815150119789 0.8898862152613229 0.07671265840265604 0.04678999016654928 0.1434413579353008 0.1197049607322171 0.01425517096855107 0.1843795575334737 0.3005177948137349 0.1389395096814744 0.03920495106051903 0.9144254239106886 1.096684270479115 0.2171043579492806 0.01438356956992468 0.003521222938737058 0.0049259381039642 0.02437902158353345 0.02752211391174953 0.02706739845015254 0.02091087282637025 3.691184802482279e-05
 0.006185301444893064 0.007771873284301782 0.002680839688172212 0.00251288002196356 0.003722079744228609 0.00520476611051832 0.006230587186490104 0.00829473566550358 0.08682771588392908 2.103267628336865 2.75059440099872 0.9403190064449846 0.4064977885092857 93.94140065514597 278.1199776094805 301.3227691262995 184.676026294473 95.78633310659625 28.55766030665281 0.6648750959726295 6.683226515282715 29.88674623611062 32.49145395285047 20.70244912476172 265.480785167208 325.1106292169498 114.9700022624932 75.56557568502025 44.60521194036684 14.34065324382223 1.617798537548541 0.7998042973359243 0.869491039970587 0.157903853351774 0.04494313917710691 2.037301342306956 2.183830040721036 0.1952185354771877 0.0213767474115196 0.009583485735451026 0.007975777809985006 0.0115651405925388 0.01881083885716567 0.02331212155501959 0.01242284581750596 0.0002405726789666998
 0.01153178499000559 0.01453569655911533 0.004524294248563536 0.003180930836624782 0.004007428687926079 0.005843086925655496 0.007792894123101187 0.006169122657655387 0.005691320491064043 0.3532790549047348 0.3746799237838602 0.03146297212011093 0.01027073692828418 0.3326738791334929 0.3816473732296171 0.05735032267292306 0.03205233618300753 0.4119617834943361 0.4344200483187455 0.06529941021838576 0.6632219633402066 0.9176672507999606 0.3157409912025374 0.5078196680101794 8.618537317390167 8.67561005832523 0.5815220415777612 2.167166412036118 6.739739389375931 5.465897504338523 1.118125164428942 0.7077686102376739 0.5490225119297614 0.1391116657091255 0.0199660657441628 0.5594306363604243 0.6248549030819771 0.08194948858296143 0.009225743913326498 0.005018393436694097 0.007617001802686247 0.0100962068329018 0.009212294973142616 0.03994931924825676 0.03586228516935479 2.434147304802305e-05
 0.003466574343100868 0.005103883766206093 0.003190334861373297 0.003345588739586753 0.004855051676521296 0.00643761726649769 0.005937331400801279 0.005577097889969665 0.01718663308697503 1.623698363743733 2.729427197362279 2.577903888036389 3.82229244221356 3.993887159278826 1.843827343870246 0.2885473126702435 0.915878393555329 275.3637485108538 430.0505425826202 208.0158846306648 72.30575785302156 20.7452734536162 0.9622719132092419 0.06449819212489849 1.286547364758283 1.296201747146033 0.09797871798812421 43.12291395332927 281.3587248766967 394.9229249563266 245.2852107747262 130.6882302493856 44.21596247839388 2.305130910401112 0.1408617261265134 0.5742976151354628 0.6398401845054501 0.09140422297989491 0.006779238780586324 0.003418201354395215 0.005008099313757381 0.00821920828242482 0.009889045757652945 0.02883063374806018 0.02427206464967585 0.0002308261782715769
 0.006471657848660587 0.009198685405595037 0.005990908387538005 0.006394231120002272 0.004279446306005595 0.002213386878310714 0.003418092386744663 0.003872596164624278 0.00560832612364858 0.1445296679952136 0.1547255743383049 0.01738563189256477 0.03818747820638398 5.475849450916098 10.72460624141842 7.431112998969761 3.338503597994922 9.435533795068912 9.898889848660897 1.948221748291758 34.0858361108232 112.7091219210163 105.7329399155223 44.7845342393985 28.80132950681363 11.35178489736507 0.6073747055052363 1.204899246991715 2.226562699278535 1.194527963085005 0.1181448505600434 2.832810530120066 8.088061069527981 12.8073120895066 9.565264052276547 3.213729081646883 1.743096129697493 0.5907680702244565 0.02087967882985563 0.0098993469906331 0.006585349331734745 0.005237543380875931 0.007081497948269347 0.02388520890495648 0.01912784828318696 0.0001422547357407778
 0.01081349753942797 0.01356090224558299 0.004711128060528729 0.005030425644970065 0.006724145055646788 0.00553662677884247 0.004573434298344313 0.008080500100988236 0.01330258876624298 1.020044187861979 1.839882702874152 1.138511386263872 0.4171858679927109 25.69931383092598 99.19767631335188 126.2057173324434 77.04278269851117 32.48039956560778 8.904273939924527 0.9025474846491955 2.078751349420143 2.479005657635658 0.443056502767767 0.019092970539313 1.613151538328935 1.634621718394344 0.04223003870808169 0.2564761631952419 0.422991434977673 0.1804173069414006 0.135525514515738 150.1590538811005 256.8544340993849 141.7700984596581 54.9149725134426 43.20482824003668 33.73304270331739 10.56678995376225 0.1119005505757026 0.07826282774090249 0.04043955177661419 0.008765319121220212 0.01040969500560205 0.02822400900635375 0.02347862875057012 0.001931687691334891
 0.02961170514903428 0.03134876978218616 0.00391041333097596 0.004360698058617245 0.003993959386686704 0.004405030264256359 0.003626601795473216 0.003281578669480031 0.0212310906696838 12.33200657212859 23.96775296130864 21.48548338136172 18.14301344396949 13.75377324264083 5.962944586288941 0.5448940842244634 0.05701247335153829 0.9644047412078491 0.9739585595134581 0.05090780546738525 2.940832259621977 9.722660427251618 8.095841249312222 1.662767588874347 169.1949306917259 343.1786051866894 270.8076661937944 133.5907888761751 49.58982475602105 12.83845709228355 0.3814841098685121 0.7670686268513451 0.7864719031483404 0.03509800278176142 0.04671441129883858 78.85035941563578 190.6317978563382 131.6254725826738 21.84256579550569 2.685232567735836 0.8328445494286608 0.3236684917410659 0.1499025223394175 0.02453363571309783 0.01239078238204922 0.0007444773362975911
 0.01432840132796247 0.01630589819590015 0.004510993051912843 0.004314330648395576 0.004696925736078126 0.005387421438984731 0.003949686245665172 0.002322755429758006 0.008040472593958738 0.4151320850692525 0.4136155723547482 0.008282973159065121 0.004878817390250506 0.127354518075143 0.1552804022860262 0.03697076143972465 0.4392865231328091 193.7731336589864 253.8356946801254 92.77761309425375 50.58924133857773 22.92636428289395 4.702749810912514 0.1824279529872593 2.256041453628389 2.194461760784352 0.04746477004107785 0.7087867951321256 0.9648635146716632 0.2976773187628125 0.03986334784903332 0.3725881053024696 0.4230428260829467 0.06123835920683338 0.01682822627741942 0.9448508697535146 0.9763042058297787 0.04887381831649024 0.005671275683724025 0.005405858683720705 0.004767767772393129 0.006617984236463388 0.009155067605037029 0.009623379328681615 0.005962985775122656 0.0005050828665442856
 0.007473399618325853 0.009501186595105793 0.004550411447369533 0.005363450412476394 0.004123018534867207 0.003105494582340004 0.004044060152827779 0.004964716723160926 0.007548356571294466 0.4960904375434578 0.7600214032750491 0.4412930896771048 0.2695180231455639 14.57019192672182 64.39286408907917 97.5450073894645 87.05571933727953 68.50838628730733 42.80636058429488 15.21988884280648 6.897159045665492 14.82744979307138 18.20133544193582 12.82350343249298 6.132887357034954 2.227847381693797 0.1676807857238448 22.31609195786971 130.3975695424174 135.460740916608 31.86926099021235 6.796441277818031 4.864804518094966 3.41441354973917 1.481665211184728 5.593456711405603 11.16064674707975 9.2437095136141 3.738846344217989 1.000194780377393 0.5699948909412885 0.4844773384046497 0.2150651278639858 0.02372465717613443 0.009908116434709562 0.003202670101499943
 0.01682664939619367 0.0181986131042626 0.002530204249223291 0.001864128241726504 0.002170319942973616 0.002433415736280594 0.002415469136886519 0.005475346592703043 0.03912647912296223 25.37513879692084 50.22775790403124 42.70135464636651 29.39258110012054 16.76589186965137 5.240367270002922 0.07133657987207952 0.03961940702793373 0.3892795029649466 0.385659090920935 0.02816311036982766 0.09456737044974514 0.1461910287453278 0.07717639702108101 0.02421154719451168 0.39452269975639 0.4285226806594201 0.06090398361960539 0.8138775036458813 1.241457044190126 0.4664843142034086 0.03025105789386896 0.3469304467383771 0.4337963505322358 0.1146724736909892 0.03288816700958726 0.08411952921657938 0.07721978658369977 0.01031255848424482 0.006121353446005248 0.007706694163017412 0.007837775110137493 0.006891675578634489 0.006826037344895671 0.007543530609247681 0.00439887979029577 0.0004208039493784635
 0.007494968163154007 0.009793859137238254 0.003914278621987963 0.00453862729500432 0.004799508089770134 0.003646816143036745 0.00353441661541289 0.004224260780437809 0.007986735876120683 0.1805590227215881 0.1882508066959569 0.02161062195314029 0.02144825510225241 0.6126267905451719 0.6328752156377088 0.05007319254641305 0.570206343699125 134.2970810706306 177.6325799126186 56.61276584893272 20.38834330530067 8.783924795015578 1.269331728788938 0.2321391013502137 18.20150393332094 40.7871403596524 35.29977832797858 21.65645975634642 14.12660783693219 5.16665020694348 0.08274714884942082 9.478242044623116 15.27763736606169 14.26222222023161 11.08365312657195 3.173307457511087 1.155040215761417 0.7636128232719792 0.2007653891364971 0.08211091300266432 0.04989472793859574 0.05151586512563114 0.03762500460124173 0.02558777396219437 0.01432127516610987 0.0005063998066054914
 4.342567503813175e-07 5.072126393424047e-07 1.245393357727867e-07 9.092384152195357e-08 1.237579731247875e-07 1.319325574799187e-07 8.929177442549611e-08 9.137250648841843e-08 1.136839649062582e-06 0.001587324050084073 0.002453464452107851 0.001600429254709845 0.001133469254813949 0.001528809317669379 0.001992314109480456 0.001151456733293672 0.0003714414158792711 0.0001619205083290482 8.088148313033198e-05 5.646921867413541e-06 0.000848870125810423 0.01113080121587818 0.01280910426698515 0.002784033450133565 0.0004411313880445751 0.0001870870795810349 6.887143689844756e-06 3.096528439265552e-05 3.787077298134463e-05 7.565291134728391e-06 4.981941496638358e-07 4.336733119942468e-05 4.694086015773206e-05 4.169951713189757e-06 7.635855760650068e-07 0.0004894418534862664 0.001859660748723171 0.001656781881655695 0.000532674574109442 0.00047771425390668 0.0003484199809928157 0.0001470900721549661 3.239977176733533e-05 2.77819180054913e-06 4.97132589085908e-07 2.808340427444748e-08
 4.216156230416952e-07 4.786501592029519e-07 1.554118475973169e-07 1.579029525217136e-07 1.160700462875196e-07 1.23703785033863e-07 1.455502587227198e-07 1.700755013555078e-07 6.068301162359561e-07 1.766924617725582e-05 1.788866247554823e-05 8.45926565041967e-07 2.203094302532181e-07 9.852252748927419e-06 1.093939242197521e-05 1.306301740022685e-06 2.624668242024507e-06 5.174702585363571e-05 5.023995812010245e-05 1.299971299941722e-06 1.968433006842372e-05 2.583841648990498e-05 7.124404890504055e-06 9.388946305820432e-07 1.388013980871971e-05 1.400929397643069e-05 5.418124315792465e-07 0.00101332824785325 0.003882371303404969 0.003937114513993221 0.001510156815176323 0.0006505189757385892 0.0002145230641966885 9.870211570237284e-06 1.678791790646134e-06 2.101837074939412e-06 2.453667464521396e-06 9.177724536062121e-07 2.156105204321335e-07 1.651893764426014e-07 1.210374727784892e-07 3.003434072987753e-07 3.868891805440509e-07 4.356732409001756e-07 3.294705688025615e-07 2.73342161836011e-08
 3.387785896911634e-07 4.074653594589371e-07 1.542518911395958e-07 1.906577380916137e-07 2.040139365381688e-07 1.972954187022265e-07 1.709603576177095e-07 1.449678329087942e-07 2.935590014695107e-07 5.601054835670743e-05 6.962612913308836e-05 1.76979510029204e-05 5.721120419598924e-06 0.0006068548037976437 0.001649958861332149 0.001420029419204607 0.0004527449237327552 0.01118114957191753 0.01518602018803067 0.005032851871840048 0.001217139451113245 0.0003774796872993822 0.0001065233236208248 5.082544099604392e-06 0.006641895727351087 0.01060839757811102 0.00499426833282656 0.001559216805485132 0.001199841647319547 0.0006933473942454135 2.830211392565136e-05 8.281595261309256e-06 8.196639129163401e-06 7.224573797102334e-07 6.902650982840836e-07 2.655428874315038e-06 2.344988135464794e-06 3.84236897119196e-07 1.973743332487543e-07 2.875202237232917e-07 2.82717649141006e-07 1.920359460700717e-07 1.833467705478826e-07 3.239821360845766e-07 2.388411588969546e-07 4.307510121004294e-09
 5.156812868634054e-07 5.716515364047958e-07 1.495532476286826e-07 1.989999013146936e-07 1.767361246707308e-07 1.393243229665878e-07 1.148026465392998e-07 8.952106545007531e-08 1.522285748362626e-07 2.770659455457156e-06 2.920346137090836e-06 4.287638828394393e-07 2.838223917196847e-07 1.709983447804929e-05 1.77990607296936e-05 1.064332771732541e-06 6.221251374564403e-07 1.011559134580422e-05 1.019489605131826e-05 6.3275877702602e-07 2.96169811566597e-05 0.0004580162843031197 0.0005436465114358277 0.0001461927797600412 0.0002234977303989276 0.0002469471113785374 5.602879188677893e-05 6.352498090634997e-06 6.898162803403644e-06 2.144934359754878e-06 2.810499734055041e-07 0.0002290085098653769 0.001075519478033189 0.00101537102231574 0.0002618192626846565 0.000115963843027501 2.940723754423976e-05 8.089449613677147e-06 1.603317377044008e-06 1.237442884908937e-06 6.736505647786104e-07 2.663559789260045e-07 1.261334134778411e-07 3.385962316274468e-07 3.191927638066006e-07 5.249970677921897e-08
 1.643297331748889e-07 2.221316826549209e-07 1.005106743232564e-07 1.112835186801362e-07 1.579829218028524e-07 1.8471006748656e-07 1.68825175665898e-07 1.861525843258929e-07 2.522414691160473e-07 4.332892654640599e-05 7.300183710491192e-05 4.883008270142358e-05 2.983956132339064e-05 3.627151891905497e-05 4.489745631768999e-05 2.339975875529575e-05 9.013951382222912e-06 0.0005989683033690631 0.0009934429465407804 0.0004545190657644071 0.0001333581718737255 0.0001127503286289283 3.546560490987515e-05 1.558375981258502e-06 1.001945172429148e-05 1.024252420478185e-05 6.163820010101668e-07 4.12645753115643e-05 0.001042317169659774 0.001806946472205791 0.001065608318350335 0.0004141726506400507 0.0002330133489257542 7.845303093556916e-05 5.745980415296882e-07 0.0004901703640563795 0.001114626785096501 0.0009547041232590306 0.0004035906674890738 0.0001009737271655726 5.41134717897163e-05 4.40750873712444e-05 1.71872509963531e-05 1.020893308793742e-06 2.396571704818454e-07 1.790896143850292e-08
 4.511454190948786e-07 5.848233218680916e-07 2.176379470992287e-07 1.594315257318585e-07 2.137002129114535e-07 2.094520514979104e-07 1.59060623190774e-07 1.428428813136818e-07 1.494126563711223e-07 7.535948845012509e-07 7.792354486149589e-07 1.986896473336776e-07 1.552227805210915e-07 4.718887818344489e-06 5.099609013077862e-06 6.027089226938551e-07 1.023664011711354e-06 3.189647982831211e-05 3.160622633126433e-05 7.554985901922666e-07 8.859501097727664e-05 0.0007953544534320445 0.0008690180518949391 0.0001953193314339759 0.002297024434724737 0.003045731608570606 0.001125836998818506 0.0007465456333612938 0.0005825821735183628 0.0001869918182559437 7.942958241043906e-06 4.886632568466156e-06 5.059211383825823e-06 5.772604659107956e-07 1.375866688244286e-06 2.215306175940569e-06 1.226134216734233e-06 3.453627011678373e-07 1.862103779342689e-07 2.024069629906466e-07 2.9110791987167e-07 2.957128517102278e-07 2.440166936412585e-07 3.015458247562935e-07 2.030067213719343e-07 1.546684855580891e-08
 8.191566847515926e-07 9.70118852203858e-07 2.17654220124977e-07 1.636732016936619e-07 1.927177148539953e-07 1.92859269013928e-07 1.777182321326785e-07 1.744839750707448e-07 2.222049029956191e-07 9.9554212586673e-05 0.000202620176303182 0.0001434784875931519 5.185713238429241e-05 0.0005666866218879257 0.001239971271275613 0.0009448121143300732 0.0004235869341130009 0.0002880044258771971 0.0001354366127944859 1.296889752836427e-05 4.255068239227712e-05 4.607518148806834e-05 4.871170797995147e-06 5.04529940550741e-07 1.985790669265239e-05 1.986391023436748e-05 4.435191349936645e-07 1.196897293787593e-05 1.313757682288307e-05 1.458447052494306e-06 2.334770541641941e-07 0.0001266331538372897 0.0008754471659804734 0.001842218379902163 0.001404830608810085 0.0004008512340498043 0.000145701081397419 5.637617112909485e-05 8.576010462095595e-07 2.380816684555389e-07 2.283003807606156e-07 1.967111607274412e-07 2.584332680100363e-07 5.517139858873781e-07 4.10878531906272e-07 1.956466771746682e-08
 6.653223863959407e-07 7.784563075004064e-07 2.381310937478399e-07 2.285856131759779e-07 1.841635305665379e-07 1.87759418265503e-07 1.723147128446028e-07 1.772783443105217e-07 2.818468861250936e-07 1.274940841837722e-05 1.329912404923912e-05 9.823835078917174e-07 4.721902071004141e-07 1.331036127889681e-06 1.320320610220552e-06 2.981635310804845e-07 8.22064709739379e-07 2.14207388205808e-05 2.09779184045536e-05 4.36876020793694e-07 0.0001857192958092846 0.0003068835180403386 0.0001547751439131937 3.722564211595786e-05 0.0001012505631019776 0.0001213681821246078 3.938686090694242e-05 6.535143616347058e-05 0.0003850845660899915 0.0003879338228365925 8.295494857815539e-05 8.410072440004174e-05 6.681446516549575e-05 1.293650137163995e-05 4.924292330528084e-07 2.691330945790178e-05 2.999852585055641e-05 3.779760383233384e-06 6.820551438129782e-07 5.91940601456807e-07 5.68495074748175e-07 5.359706147439618e-07 3.595315751702923e-07 1.91425165769189e-07 1.147653228213792e-07 1.513815165669263e-08
 9.013773283067771e-07 1.147806046191438e-06 3.366856348744771e-07 2.027522458467356e-07 2.255702245121664e-07 3.102088325688504e-07 3.139057607834676e-07 2.236008147703326e-07 2.158099891457645e-07 1.741443666746174e-06 1.765323066242707e-06 2.834435657490525e-07 3.395771830068532e-07 1.475034308084441e-05 2.494508237934324e-05 1.929004013552415e-05 1.552582172219347e-05 0.0006743634052848628 0.0007981296698370888 0.0001865278464810204 0.000157899989185398 0.0001085663216422734 7.283833723610085e-06 8.43095015724873e-07 1.065080973603995e-05 1.045737222430964e-05 3.261653374020355e-07 3.525969914423701e-06 5.113235008837858e-06 1.813457832310369e-06 2.253268166558097e-07 5.9402566912067e-06 6.313160727819387e-06 6.554964948441651e-07 4.63995058326397e-07 1.955083909744797e-06 1.928417383059335e-06 4.284868873261179e-07 3.026100747853527e-07 2.835723962410087e-07 3.077596021854007e-07 3.27482618064023e-07 3.539261344554259e-07 5.653473955824051e-07 3.900921565084709e-07 1.490462008683517e-08
 7.388862987764686e-07 8.636198502935835e-07 2.412784273840965e-07 2.928824278894227e-07 3.687446371114789e-07 3.712376229467057e-07 2.524239968937733e-07 2.095280895976761e-07 2.976911242979871e-07 8.274758448238358e-05 9.625342301962352e-05 2.914289389586331e-05 4.512010856611837e-05 7.399557020663163e-05 4.482192671938996e-05 6.16487827206228e-07 4.299718994657253e-07 1.551971978279705e-06 1.485758433637934e-06 3.277377446883179e-07 3.482503715091216e-05 0.0003088997923237952 0.0003426112392908133 7.817861350354524e-05 5.529354121782981e-05 4.854462385631555e-05 3.787451340329308e-06 3.699336313844861e-05 5.029380160417679e-05 1.463568530017106e-05 1.078470731632201e-06 0.0006799832083913228 0.001287169343677695 0.0006770174332209609 8.13746983506814e-05 6.009195501772565e-05 9.70844859328993e-05 5.0761241299617e-05 5.194024979845443e-07 2.233402433751208e-07 2.080380888078289e-07 1.995656562866442e-07 3.042288494746236e-07 3.855402715539941e-07 2.100940148632875e-07 3.705806806581694e-08
 3.311860508649707e-07 4.460029169863708e-07 2.084724422102104e-07 2.31827046926326e-07 2.170243015098637e-07 1.836627733709886e-07 2.31255571117771e-07 2.189488644400682e-07 1.833781476685329e-07 3.905014666195079e-05 5.474086881357499e-05 1.771132902789581e-05 2.457039062764343e-06 1.894897348569964e-06 1.604231296078043e-06 4.405378033617641e-07 3.781801052813191e-07 1.728826426105536e-05 2.146758907845698e-05 1.028179322198537e-05 1.646623448393541e-05 1.130397743122303e-05 9.278806516807091e-07 3.247308459303591e-07 1.795478718659359e-05 1.824373932574822e-05 6.153238313541628e-07 3.695610013077316e-06 4.913659681416859e-06 1.608042232332547e-06 3.460042515056804e-07 1.08428189678695e-06 1.254191957002916e-06 4.159871829137534e-07 5.017475541493421e-07 3.739649425898473e-06 4.834482618564641e-06 4.060994678856343e-06 3.731519139160001e-06 1.683487443210704e-06 1.635080430856778e-06 2.842457852487015e-06 2.015965334337624e-06 4.245974083312516e-07 1.728831709410776e-07 2.894165416421527e-08
 2.389247692509553e-07 3.773234244893087e-07 3.336063090996061e-07 3.93854434362169e-07 3.086438570923899e-07 2.143329660842992e-07 1.712350751474876e-07 1.752760635958406e-07 2.148703555461842e-07 1.138562214028252e-06 1.721404566363407e-06 9.323561532731089e-07 5.103059437879405e-07 3.337367200376548e-05 4.515779827749572e-05 2.119747585609065e-05 1.038810675159641e-05 3.805112136571997e-06 2.781889199426454e-06 4.781934676530048e-07 2.471253507474779e-06 6.959321477239848e-06 6.319499734693502e-06 3.145154232460629e-06 7.046179180406533e-06 6.110622224939719e-06 9.388785377891748e-07 3.288440849056275e-06 5.253172219124112e-06 2.517576435171272e-06 4.453874673633425e-07 3.526167935290578e-06 3.907606305133082e-06 9.025634500230118e-07 6.122142149609636e-07 6.532985655683942e-07 5.502109129912287e-07 3.110276776785801e-07 1.962267232155019e-07 2.531714220820233e-07 2.258921041370051e-07 1.672876589167968e-07 2.227863033018152e-07 4.125810095921651e-07 2.963301349606462e-07 2.647781615242406e-08
 6.184491329247598e-07 7.829635259423054e-07 2.72288489425502e-07 2.49816482955897e-07 2.696334883045673e-07 2.683409654617353e-07 2.96453985397486e-07 2.69187976047107e-07 2.388053645192452e-07 4.393391585040722e-07 4.898175272561388e-07 2.957640890239504e-07 2.617989416925663e-07 2.221568539999227e-05 4.205738348154927e-05 2.943891264420923e-05 1.589745824395607e-05 1.167079530441472e-05 5.603323301374708e-06 6.459974569864657e-07 2.102459935390872e-06 2.30155141379998e-06 7.196506979988238e-07 6.5557946623003e-07 2.76687200341339e-06 2.525169006892324e-06 3.221951016333777e-07 1.327839416618647e-05 1.487345598253088e-05 1.983738503681675e-06 3.807049873813562e-07 1.74644353380918e-06 1.925436729398901e-06 4.541281455416949e-07 5.469282438512553e-07 6.536061581991994e-07 3.557497701185188e-07 3.149818892410686e-07 3.646689585427699e-07 3.579751749127215e-07 2.865909781928781e-07 2.419269914695885e-07 2.691495689470887e-07 3.91575732825405e-07 2.580653256690353e-07 1.707939866916005e-08
 0 0 0 0 0 0 0 0 0 0 0 0 0 0 0 0 0 0 0 0 0 0 0 0 0 0 0 0 0 0 0 0 0 0 0 0 0 0 0 0 0 0 0 0 0 0
 0 0 0 0 0 0 0 0 0 0 0 0 0 0 0 0 0 0 0 0 0 0 0 0 0 0 0 0 0 0 0 0 0 0 0 0 0 0 0 0 0 0 0 0 0 0
 0 0 0 0 0 0 0 0 0 0 0 0 0 0 0 0 0 0 0 0 0 0 0 0 0 0 0 0 0 0 0 0 0 0 0 0 0 0 0 0 0 0 0 0 0 0
 0 0 0 0 0 0 0 0 0 0 0 0 0 0 0 0 0 0 0 0 0 0 0 0 0 0 0 0 0 0 0 0 0 0 0 0 0 0 0 0 0 0 0 0 0 0
 0 0 0 0 0 0 0 0 0 0 0 0 0 0 0 0 0 0 0 0 0 0 0 0 0 0 0 0 0 0 0 0 0 0 0 0 0 0 0 0 0 0 0 0 0 0
 0 0 0 0 0 0 0 0 0 0 0 0 0 0 0 0 0 0 0 0 0 0 0 0 0 0 0 0 0 0 0 0 0 0 0 0 0 0 0 0 0 0 0 0 0 0
 0 0 0 0 0 0 0 0 0 0 0 0 0 0 0 0 0 0 0 0 0 0 0 0 0 0 0 0 0 0 0 0 0 0 0 0 0 0 0 0 0 0 0 0 0 0
 0 0 0 0 0 0 0 0 0 0 0 0 0 0 0 0 0 0 0 0 0 0 0 0 0 0 0 0 0 0 0 0 0 0 0 0 0 0 0 0 0 0 0 0 0 0
 0 0 0 0 0 0 0 0 0 0 0 0 0 0 0 0 0 0 0 0 0 0 0 0 0 0 0 0 0 0 0 0 0 0 0 0 0 0 0 0 0 0 0 0 0 0
 0 0 0 0 0 0 0 0 0 0 0 0 0 0 0 0 0 0 0 0 0 0 0 0 0 0 0 0 0 0 0 0 0 0 0 0 0 0 0 0 0 0 0 0 0 0
 0 0 0 0 0 0 0 0 0 0 0 0 0 0 0 0 0 0 0 0 0 0 0 0 0 0 0 0 0 0 0 0 0 0 0 0 0 0 0 0 0 0 0 0 0 0
 0 0 0 0 0 0 0 0 0 0 0 0 0 0 0 0 0 0 0 0 0 0 0 0 0 0 0 0 0 0 0 0 0 0 0 0 0 0 0 0 0 0 0 0 0 0


# name: sideinfo
# type: scalar struct
# ndims: 2
 1 1
# length: 2
# name: wav
# type: scalar struct
# ndims: 2
 1 1
# length: 12
# name: version
# type: scalar
1


# name: filename
# type: sq_string
# elements: 1
# length: 43
Systematic_Scale-C-Major_Meinard_middle.wav


# name: dirRel
# type: sq_string
# elements: 1
# length: 9
data_WAV/


# name: size
# type: scalar
97695


# name: duration
# type: scalar
4.430566893424036


# name: energy
# type: scalar
32.37977214064449


# name: fs
# type: scalar
22050


# name: nbits
# type: scalar
16


# name: channels
# type: scalar
1


# name: resampled
# type: scalar
0


# name: monoConverted
# type: scalar
0


# name: monoConvertMode
# type: sq_string
# elements: 1
# length: 4
none




# name: pitch
# type: scalar struct
# ndims: 2
 1 1
# length: 8
# name: version
# type: scalar
1


# name: midiMin
# type: scalar
21


# name: midiMax
# type: scalar
108


# name: winLenSTMSP
# type: scalar
4410


# name: winOvSTMSP
# type: scalar
2205


# name: featureRate
# type: scalar
10


# name: shiftFB
# type: scalar
0


# name: featuresAreTuned
# type: scalar
1






