# Created by Octave 4.2.2, Thu May 31 02:23:43 2018 IST <safwan@stormBreaker>
# name: f_pitch
# type: matrix
# rows: 120
# columns: 44
 0 0 0 0 0 0 0 0 0 0 0 0 0 0 0 0 0 0 0 0 0 0 0 0 0 0 0 0 0 0 0 0 0 0 0 0 0 0 0 0 0 0 0 0
 0 0 0 0 0 0 0 0 0 0 0 0 0 0 0 0 0 0 0 0 0 0 0 0 0 0 0 0 0 0 0 0 0 0 0 0 0 0 0 0 0 0 0 0
 0 0 0 0 0 0 0 0 0 0 0 0 0 0 0 0 0 0 0 0 0 0 0 0 0 0 0 0 0 0 0 0 0 0 0 0 0 0 0 0 0 0 0 0
 0 0 0 0 0 0 0 0 0 0 0 0 0 0 0 0 0 0 0 0 0 0 0 0 0 0 0 0 0 0 0 0 0 0 0 0 0 0 0 0 0 0 0 0
 0 0 0 0 0 0 0 0 0 0 0 0 0 0 0 0 0 0 0 0 0 0 0 0 0 0 0 0 0 0 0 0 0 0 0 0 0 0 0 0 0 0 0 0
 0 0 0 0 0 0 0 0 0 0 0 0 0 0 0 0 0 0 0 0 0 0 0 0 0 0 0 0 0 0 0 0 0 0 0 0 0 0 0 0 0 0 0 0
 0 0 0 0 0 0 0 0 0 0 0 0 0 0 0 0 0 0 0 0 0 0 0 0 0 0 0 0 0 0 0 0 0 0 0 0 0 0 0 0 0 0 0 0
 0 0 0 0 0 0 0 0 0 0 0 0 0 0 0 0 0 0 0 0 0 0 0 0 0 0 0 0 0 0 0 0 0 0 0 0 0 0 0 0 0 0 0 0
 0 0 0 0 0 0 0 0 0 0 0 0 0 0 0 0 0 0 0 0 0 0 0 0 0 0 0 0 0 0 0 0 0 0 0 0 0 0 0 0 0 0 0 0
 0 0 0 0 0 0 0 0 0 0 0 0 0 0 0 0 0 0 0 0 0 0 0 0 0 0 0 0 0 0 0 0 0 0 0 0 0 0 0 0 0 0 0 0
 0 0 0 0 0 0 0 0 0 0 0 0 0 0 0 0 0 0 0 0 0 0 0 0 0 0 0 0 0 0 0 0 0 0 0 0 0 0 0 0 0 0 0 0
 0 0 0 0 0 0 0 0 0 0 0 0 0 0 0 0 0 0 0 0 0 0 0 0 0 0 0 0 0 0 0 0 0 0 0 0 0 0 0 0 0 0 0 0
 0 0 0 0 0 0 0 0 0 0 0 0 0 0 0 0 0 0 0 0 0 0 0 0 0 0 0 0 0 0 0 0 0 0 0 0 0 0 0 0 0 0 0 0
 0 0 0 0 0 0 0 0 0 0 0 0 0 0 0 0 0 0 0 0 0 0 0 0 0 0 0 0 0 0 0 0 0 0 0 0 0 0 0 0 0 0 0 0
 0 0 0 0 0 0 0 0 0 0 0 0 0 0 0 0 0 0 0 0 0 0 0 0 0 0 0 0 0 0 0 0 0 0 0 0 0 0 0 0 0 0 0 0
 0 0 0 0 0 0 0 0 0 0 0 0 0 0 0 0 0 0 0 0 0 0 0 0 0 0 0 0 0 0 0 0 0 0 0 0 0 0 0 0 0 0 0 0
 0 0 0 0 0 0 0 0 0 0 0 0 0 0 0 0 0 0 0 0 0 0 0 0 0 0 0 0 0 0 0 0 0 0 0 0 0 0 0 0 0 0 0 0
 0 0 0 0 0 0 0 0 0 0 0 0 0 0 0 0 0 0 0 0 0 0 0 0 0 0 0 0 0 0 0 0 0 0 0 0 0 0 0 0 0 0 0 0
 0 0 0 0 0 0 0 0 0 0 0 0 0 0 0 0 0 0 0 0 0 0 0 0 0 0 0 0 0 0 0 0 0 0 0 0 0 0 0 0 0 0 0 0
 0 0 0 0 0 0 0 0 0 0 0 0 0 0 0 0 0 0 0 0 0 0 0 0 0 0 0 0 0 0 0 0 0 0 0 0 0 0 0 0 0 0 0 0
 1583.432459728186 3182.276618605623 3223.166374498616 2601.074948393961 1410.118772180528 482.1710503470309 555.4325308845941 2504.373195507042 7348.506387921313 14185.24509538909 23301.33576933034 31481.342038387 38938.61210033789 42281.70441021226 41875.12201097142 37353.11225108049 28891.9429517795 20465.45161131893 11794.64760936497 6655.891322428478 4159.602235483675 5239.393423810087 8809.737407512112 12987.84436275877 17542.19122002639 20180.47027038278 21155.91363385754 20094.40455077555 17722.89456699356 14756.03784320972 11175.72028550006 8156.224194364995 5399.193592313604 3546.410927160258 2064.628389358558 1184.519949258138 587.7197683327257 287.7389453849689 119.515102259796 45.11492707040289 14.09837825114714 3.197913341439022 0.5027467460868207 0.03444444568383093
 767.8542735074157 1486.453755410473 1283.8710677264 899.6414656662042 466.4689464544247 312.172188325641 886.7702584221794 2611.294874323609 5909.758718067653 11027.27719063547 17515.41137137588 24151.6600120991 29885.04540453098 34710.96780836672 38747.09271166713 40564.34486192762 39086.7562295404 34698.82591425645 28713.46598620193 22952.58182926636 17522.91558907098 12590.27356259202 8797.374343868487 6146.00522003752 4718.853759682383 4268.977486316825 4395.008080724301 4726.788005665487 5017.131919626914 5169.835270653432 5002.756509601344 4447.026791428645 3606.328830234638 2639.233383110581 1798.554971505425 1141.472485460158 654.8209380532057 338.9224927560234 148.9442411569451 54.92369049090805 16.82167384078171 3.889216636001136 0.6061751072441111 0.04449454179402842
 40.31233763840148 395.4837161897638 1345.742480557529 2535.653037011249 3086.435953574569 2533.42464299431 1655.401144825748 2178.416719619633 6465.493871066646 17708.29679873634 36330.53733505694 58624.05575638857 79564.81464468478 95115.98716731656 103208.0948520615 98300.40025534261 78878.32683423095 52540.97488429456 27731.51923269402 10301.05762629078 2162.655473432901 2749.082915939782 8883.511568097669 15631.31220264608 19328.55719141255 19001.84322790719 15371.41340099749 10126.68513695732 5508.109831909932 3087.277411259912 2944.234280641356 4150.599234752097 5492.550496656834 5993.702903145665 5436.061593150006 4224.215865428724 2870.517661000734 1688.688256067619 831.7936881602341 332.4749951079975 103.8334042435898 23.51546409349886 3.4713953721351 0.2404539761831151
 602.8126881245004 3491.447216678378 11097.97966398565 21654.29257930193 33748.78576917372 42204.12537864971 41982.68498976274 34085.23227174384 20189.41160410991 7161.457735603174 2572.940515748305 12288.96455412762 34508.11125568261 68137.86141625769 100412.5489981853 122743.0628907404 130343.4798336948 119865.7137402988 98542.8143364923 70130.86802583102 43802.23663131711 23133.53526389885 10064.59249799464 4421.303384108963 2780.04089792396 3177.173817932222 3770.664804717341 4027.216448160061 3991.956185716529 3656.070475718001 3468.690510592027 3079.180386102456 2624.784399463163 2125.425499763141 1493.931647883894 978.9744044393946 537.9973871687272 255.7326341822004 107.3184595136201 34.18772744489277 9.419288544034011 1.548815478272719 0.1789332597154108 0.006632593456414061
 992.6165051518625 5061.654802632121 15451.87849697 33749.83722930615 57578.11154301048 78731.4552635865 89160.35305799718 85269.58357493661 66865.64417735308 40332.52603433616 16024.8884918101 4715.907216407539 12279.13440563885 36427.49712094932 67954.60421566201 94592.01103695905 106753.1268167118 101357.6006889962 82309.2565025792 57887.73344227459 36081.87262989334 21955.380044319 16442.41144787323 16727.77909295911 18891.67511330883 19771.57435343938 18292.29503870223 15336.18626431583 12503.10667656781 11064.41055015855 11063.44812510345 11705.11932907739 12019.58040850762 11243.31872913891 9327.001192068295 6744.998683428402 4207.766728748333 2250.966113731896 1011.068594691676 372.3256878090147 107.3620880156464 21.83901954917483 2.627924857817585 0.1259029122152077
 2410.108367946892 12593.91382979428 38216.28995262842 91439.59848279606 163268.0343549158 237366.2787162086 303259.1034844326 319617.2775176639 286887.1065228601 230363.3222891268 147227.2565878011 72281.80237426182 34199.71189598804 28490.57661453344 45451.4724656102 62352.15678220649 65739.21619667654 53392.65266879027 28577.83687808111 8090.817437490932 4736.673097210046 18088.16043747043 40194.34380189756 58260.44859741755 58042.17815548785 41370.35723754178 20267.42929946088 7268.464896917814 15483.59698733345 45189.94088631707 85057.10073652309 124875.3783637402 144414.8650838484 136522.598316377 116919.9924060744 84523.50103531245 49919.556594809 27047.75129575211 12030.88610287535 4166.411421989723 1215.517230798375 242.0101420375732 26.3547523835781 1.211611896783026
 3066.342691060363 9244.871773097184 25999.18778692165 62044.47248791847 114465.3337886838 174377.4275454551 225829.8538143938 245362.7630153225 226562.1185273765 189692.619960531 144895.1702271407 99874.78306599168 65375.84147879487 42956.15789332829 30090.59650888211 21656.39041517366 14878.56960731938 9299.187145488992 4999.246517402819 2497.393256044193 1606.963350773467 2399.040095022833 5035.263693182394 8411.995220939714 9994.023836966542 7942.268402680459 3661.636358744795 2129.330612093122 10071.15959990582 31887.54155578557 65209.73020551271 102910.2926132123 129461.1218050784 131693.1153780341 115948.6642379944 89624.82254182489 58165.19658119165 31072.30723031817 13560.10160285985 5003.377885154986 1456.968793449232 281.5637330532418 29.7309896944209 1.100176859237275
 5481.44320283584 10542.90576646694 8938.40470423811 11871.67238916453 30465.33171699053 66936.26891572452 116454.1303449881 160364.0058300986 169018.5162273794 138497.5580951943 87374.75665667868 36400.08471460172 7967.917402048207 10109.10264206726 31211.4621831987 49614.25212184409 50721.25389436958 38540.85429805113 22275.11052400315 10345.39466219216 7683.815580030285 10772.82321784909 14480.62621815093 15678.95916203441 13344.51398631911 9694.791290423613 5714.837452612344 2075.754303713342 972.2982016925629 4920.678769496743 14566.88997504509 27192.21613406928 39364.92857113638 46406.12935883695 43937.03529582885 33925.64082278421 22403.93470123504 12594.92500961109 5612.529003123487 1934.409381481174 518.8450060884591 100.3409746933513 10.50764337871392 0.3206309731018134
 1466.795720042304 4985.988621369552 28639.85167631641 97792.52225270786 215942.2730466856 343530.2739963487 414419.6341011398 414834.6432016627 352623.0742834692 238912.8127093301 128337.8373742197 62165.61863089324 35382.36636221761 31515.78669890468 34252.30285359968 32136.49821290457 27751.68910921265 26369.67843657046 29120.88342691146 33156.63805063382 34010.83400394822 29575.20625819729 21986.60203897444 14687.02754349862 9419.35541769643 6158.726624509357 3989.306506007352 2123.724959833392 1093.562744027148 2911.757854495219 9550.617079381158 20376.31995075027 31424.51232944801 39404.89582136263 41531.45041236561 35423.18311316714 24288.64588683808 14015.0224595256 6809.505337602928 2529.409514169037 677.8222033804956 127.1370012662863 14.4217010475093 0.4717024312507335
 2865.274867427302 3866.639115266145 13657.37905414673 57729.31869207081 141327.3162880585 241510.3882190789 305166.5205835511 293452.8049434947 219928.315159945 125908.1983400325 49819.33085436789 16647.83787159101 20948.87319828409 35614.84344943765 40237.34242060763 31031.9299257993 17403.22820116212 7507.344238826118 2226.254845498752 1123.438919520913 5240.044445717607 14953.09444743703 26591.52765820248 33874.03000888837 31950.80378578149 20984.59618192359 8964.475742162231 2919.302757979585 2308.039202464035 4310.156641319955 7293.890549960429 12333.84681855512 20430.66168424725 28960.21891750632 33755.65530813999 32353.16317190466 24867.94768671575 14882.12850899875 6945.588076505135 2561.26164215995 707.9984475301037 122.711218302113 11.08554829925033 0.2995786812751771
 1151.679498432591 3228.157309164495 8433.478885299741 18950.24421758072 30162.03479428718 37562.14212502343 43353.31461956959 50639.40457861587 54339.53374440907 49387.40026511277 36541.34270532704 24683.45497124411 25923.92988492679 41810.52476705696 61209.36274059707 67104.40574189622 52574.51143857222 27617.83227752043 9093.712579170946 7081.515443228328 19440.39725648808 38239.67812390573 55840.91338432157 66827.5141054773 68750.04357106252 63030.91368340748 53731.21144708781 44859.93160186705 38465.60658877708 34596.89758261023 31059.36213120062 26711.56986910358 22026.1091938133 16845.68176161649 11764.38815008735 7497.861919094061 4410.841069427423 2406.817248666928 1136.064812744638 424.1295092479195 118.6697968085198 22.95474702370715 2.609030828168873 0.08547477554164336
 7168.35430652047 14471.52718575607 13005.03656140885 9916.132312246795 9913.045040653458 15420.47940262393 26810.0249384216 46999.82073040034 69698.42083374523 70417.82490749171 40173.67660693584 31877.94860621365 168400.276951854 585030.5461694911 1208722.486605605 1792564.209547044 2041404.056016901 1725361.143760598 1074644.420944964 465852.3028008345 106189.1299996904 49724.16171801577 122989.6621668464 161524.4660493504 124977.8088181229 56723.43014660031 12641.81031028617 1753.738913515769 2135.344277381793 1658.665361961311 1792.141019617612 4995.47947218496 8458.251236244789 8301.960094516247 5196.919648710002 2702.174537714997 1953.033267412703 1883.630440095545 1463.573605756119 798.84972196261 296.1866081218525 61.7798984634742 6.81747113889882 0.2054592577857865
 192.0369846694605 225.9252875999523 484.6093182922918 3410.987925130979 11800.39446113719 25196.64131476028 37394.07052092946 39266.25838773978 27073.98918793772 10104.78473753399 6836.524561558973 28705.08995051627 66426.45012455409 95180.1857834955 96302.57446750082 69992.11055198171 35763.24142561434 12839.24943324853 5138.246606549685 12160.69877667348 34476.26573810982 69316.22631504938 102451.1276354974 113402.3244199716 93840.98289742404 56359.55389186593 22726.42857697538 5132.964000332136 788.6048564599563 1401.291339648935 2394.143635512811 3219.914296807112 3607.161144844824 2821.742519820727 1326.602305886118 451.432635981138 621.2190647557742 1041.584494787199 991.8669951892864 577.3963445728534 210.8785120356516 45.76258828442159 4.825040449532959 0.1190660828532394
 3785.246583617894 5972.438779950655 4296.235960045899 13526.6539083193 41874.87720427357 73863.15778528279 86514.8168847192 68132.95276876244 33728.70189571958 10156.2656050746 1543.216803030303 1024.60015987057 7441.221033408217 23148.50795735889 41469.79426729179 45868.16940554514 31635.98033258982 14744.1227919159 6306.416556169011 3528.590709848077 6855.964103180938 26698.76145050001 65157.53050656763 94266.5075445351 87597.141955364 52351.36930425063 17008.75273599674 3609.123642821769 6301.976592419002 9615.391873472916 11084.04773567414 16742.5166539356 26777.37577625046 32838.28341822849 28917.79184436002 19293.41315268064 10204.19096610484 4456.876355058865 1838.928036226155 665.3418205244812 197.0310248844722 37.52461544119757 3.415391674906826 0.08448619054330316
 412.4312333812003 912.6165410038764 1847.359274371878 5636.698965646476 12406.26892111307 18344.64500900216 16870.14916146721 8242.235198800054 2256.972760439099 4234.684449416047 6810.470303853259 4514.916412583084 21102.30670004874 102612.2513435635 247099.9799460275 375486.846146299 393913.5706119373 273142.6183148061 110064.2966109011 24120.29713935927 34858.80362132077 85451.17241064028 108605.2562382211 86314.03158606405 48533.9745150361 21730.37782485563 8400.254266672691 3659.907799926748 1583.698025342205 1636.321751739846 8932.381737486199 28431.14612085304 52494.49339538714 66218.78352734525 59927.38767684231 37095.20075306316 15163.80620968183 3919.011894469436 441.6093259781197 76.29404786879047 80.81660132355185 30.49571306673817 4.391916992741327 0.1261034525847038
 663.7820511644842 1069.976464010675 881.4064010192009 6077.812546426624 25313.11713140107 58114.07095898095 88346.01136039117 95333.59512863269 73649.71872129975 39281.15760358883 13215.70312654306 3738.0688272911 5113.557792252889 9396.317007007905 13783.37581900596 16265.81216853823 14229.62852647509 8806.204435150528 4722.395123527711 2903.796635626591 1831.286688812632 10992.31493304408 44819.94000412723 92102.80818102304 113374.0292363677 86718.45654144863 40588.02804352446 14922.8048470519 10610.97446296912 6887.735318839853 8358.951439339831 41688.84977338085 104128.5534661962 149893.2594763079 142662.7133112883 92648.06934208685 41091.63881843522 13349.71539278894 3670.147601109828 1177.722049346589 386.3460693397434 80.63567090265613 8.042743830255629 0.1646369453732087
 5161.502422378838 14081.37975247535 11430.19398624861 14648.76209133148 95699.1865340962 270929.136917286 421658.6671568173 407762.3869974796 242721.5174821822 81303.02099878575 18049.2653065409 16216.49004821863 18502.82169452469 12510.72089262475 5498.304791806359 3319.563227326278 7060.451058515398 9863.767938084817 7769.40042816244 5503.305183063731 5073.516107235511 13891.58927151195 56494.51067053085 130484.7542211779 172659.7354608343 131466.2020257579 52682.02700246794 14606.98536492398 16808.61904676914 13780.35710798802 11601.81820521483 48966.30381912163 105591.5877459491 119833.0135947532 79433.74223660419 28917.98444867806 5155.67605192026 3642.954929677548 4847.006268307106 2959.380602672257 922.2010166105874 142.8636433541215 9.285728143649926 0.1133255676179193
 2612.684960396665 3061.318588762692 6510.603206035865 25038.8797521452 41323.84952539236 31932.76773750773 10352.21998590495 2989.159665490481 5514.574220450793 4938.235120617152 2001.660169608123 2305.238352347424 17309.20480961779 52884.06699621028 77171.96239177333 57814.30394984543 20432.74362677475 6198.818085287171 12178.41761200539 11411.71103226725 7515.262899970925 41419.44816390194 122488.1501531828 182279.2646327923 155286.9757123555 70924.90666529162 15319.49879557553 9202.865374473389 8961.964217100371 4799.053195717623 18407.03547840772 53936.43904591103 91142.10057556356 101059.6334688896 74062.50263840736 34827.76827605155 12078.51676939203 7990.962890782425 7820.908538723337 4898.642815921137 1693.469146829707 291.1388300333901 20.61289076065009 0.295683982634844
 4523.405188911667 12761.19369966432 9832.020619725914 26887.56976071864 122772.0499380743 216610.7390198754 181053.4250175629 69013.33431713263 18576.14873309676 30136.06841080458 28283.90837027458 13329.22621997831 9577.559946122565 55873.24446465795 175411.9003719544 246796.8684200335 160868.8417681538 50555.8089855633 45971.37866671754 61570.82849197664 31983.09578047508 41147.25287049008 107759.7176465236 131090.3501244173 83854.83815553928 34149.37336446805 20218.91287453405 20425.97850644662 13146.58478902328 5041.694400492711 21061.86745102491 78867.13919527104 150109.8778926885 173330.5786743192 123818.813483817 50765.48339235217 10112.05532721056 1807.995222970051 2281.802877931229 1378.866096424466 355.5295570575258 35.09056393798617 0.9529014596979332 0.003155884170286482
 698.1965889063359 4436.217300949806 5692.277666797791 12915.22881258466 104500.8764314384 333207.8898994949 518762.207145477 450757.8803556792 216232.5671330212 90300.17265586808 107663.8249981125 85466.44801570466 179305.9554627197 707057.4852821777 1332443.876203806 1295627.423212362 632140.1856535041 134614.2304943442 74465.47054854615 93685.25877500104 42108.97976639309 56001.34103330749 142215.7425397654 157799.9245054986 81474.28811449528 26917.34813413192 24445.36000480287 15928.11637706607 10244.9083961755 18755.88398127843 31243.57704588304 126621.648514125 343104.0566880515 542989.6971528424 578000.6339311923 425684.4055525016 209434.5699555472 64671.45819610319 13909.89583588828 8925.535639275251 5683.067784336163 1545.184235775681 140.4877057388894 2.227474528480724
 1369.089974000819 2451.967567212126 8089.294278095862 9965.455019909476 26314.83257414972 144363.5776313177 273282.0215567409 208333.4948737827 65921.23242909372 69596.92006105556 146764.8129839105 180730.0889639171 223878.2938901252 947554.3068776671 3506866.559246225 7012784.695300305 7722357.949351894 4789232.26767407 1563999.755809028 190887.5786334871 45526.73304378775 51183.37691337283 151683.6093754982 365255.9037844484 463800.6860238754 351470.7158495652 167651.3166360316 52353.50460263255 10642.20854629606 3082.687003976867 10696.98605499682 21516.15049679524 14006.51509180737 11976.59784837895 35797.7894105866 42177.49561628007 19282.75197709974 6491.976774739785 8354.146771085176 7222.194680361124 2739.540614277413 419.7801003354267 24.81216946854926 0.20153446235297
 1930.95707516556 13994.33775794657 20629.42906309109 46633.09423983869 229394.8476736367 489991.454639809 564204.4985690572 469477.512209864 393937.2821684236 328141.5601602618 235632.054730777 196117.9421394925 269801.569325365 1059373.03964924 2898390.775585566 3701378.411606349 2271831.442964385 780074.6264383125 280284.0161774587 153844.0282715162 259895.2851705249 477743.9323888975 2090308.178860647 5602813.294427858 7445072.679186374 5547828.139017577 2668802.12248359 1006646.734760648 286666.1208550631 100227.0181946638 103904.3213442615 509688.5928890457 2056837.877509984 3812571.351550111 3533579.272612154 1623154.160006738 416381.9321823173 221416.7732789931 171894.7859997215 80560.27009522 28952.84980839638 7456.472130055678 812.9103149326972 12.46380846070611
 10670.40395138137 47059.86438089039 120874.1299974056 134170.8808664774 867036.4456353929 2503305.19506029 2710553.088182555 1126648.454547676 201860.5517695713 163200.2995298193 69799.8979218335 24818.01212430822 66120.26317578896 276411.7830214869 954388.8230461625 1889988.509124113 1836846.55770338 756598.1605892457 131340.7879992421 149055.9377775563 217070.3296331183 334345.7236339446 1359743.460940225 3248827.74280904 3364984.84652708 1473326.252618659 599656.4240638597 658436.6014392922 413495.5343237012 401993.520997613 373603.7754652305 1216721.372742639 3871467.92767454 5064912.962791768 2815635.163684061 567265.7229328931 217913.366864264 225161.2550717732 65406.28049724065 16626.77468602528 13901.90799906145 3727.752570429838 234.3261499557763 1.513889104262687
 3615.298087464225 20441.85139273048 51039.89451466018 73233.07643834995 499157.7726709844 1306907.392577684 1304347.731015901 566135.8210282483 165543.4005855973 72086.52022758058 22175.40277817562 9123.444341895665 17190.82742085591 25665.9500939799 17082.40799388739 18767.65589908983 13943.50636769494 4894.838718337862 5840.249254947371 5890.474441037552 6274.245931629393 25326.65059615016 40709.9882313795 24057.05976891553 34804.30807441147 46487.76323154748 42192.22339690476 44252.28290613191 29737.85888532442 63613.81770101451 77896.17458677618 327597.6860745958 1217043.847079643 1858862.20625813 1317853.689891465 479851.9435948471 171389.0016235268 86854.25903581586 27331.23827732808 7995.487432612857 3587.998082186126 776.3945151308743 66.42820517931565 0.9166820927032766
 13527.86993666643 26440.88374848244 76007.04117808305 181690.8978270418 434702.1431838549 3292203.828629822 7869079.389308786 7138878.818575311 2515982.259087515 467026.1694715536 246202.5023574252 51024.557014394 15442.5208681754 84611.00327981944 157625.3702191589 193226.9412967449 232007.2800590273 183675.5310870304 83425.07423836972 40002.93181277878 68423.717017092 106696.2124141874 626201.4726859676 3602055.553763718 6886289.44077917 5232330.498971634 1440642.920414622 114336.5564333789 62279.88115244583 23645.05132753466 89000.98466521841 125836.3977099443 897735.3900770231 3805792.39023749 5914517.252617745 3818529.155237247 968688.9432735725 206946.5754590857 116047.751486076 22811.90097598242 6884.15915974903 3215.621064760921 265.6426243373114 1.530052143689037
 1302.708329225045 2327.955778833725 6945.451009729199 9429.863743360323 41487.54146933148 180975.0763477062 251436.383334644 128070.8125895576 27520.54089236394 11086.09828364232 7312.674829717376 7491.721492028076 25640.70295588846 112875.1143199645 137845.051312401 69267.4869456133 88000.9859264905 79122.42355525614 25510.36177314874 16085.66907168465 17603.01844217945 23658.82940627239 150286.5758441912 362818.0842758425 331354.8282370743 260831.3855180617 267633.5116669431 128674.2590148611 24944.62271448372 15045.07743364058 9708.516380318029 9714.0642262237 36870.93400793479 72319.90840875541 43578.08720605425 6475.77010484126 3503.026622839967 5255.056230063362 4988.192275573915 4460.879212217074 3720.549860517412 1333.2364750656 125.6749941765407 1.167651735117968
 4825.37132288995 8010.521153760417 30504.32840126012 60942.71714555252 303640.5465552128 1376904.47337824 2162801.83925566 1375080.335011252 376813.029324939 61859.91573023126 7767.137698605343 5925.481395519507 21034.74981508599 108347.7283462601 228399.3789837608 196787.4839588045 62202.25093616108 18326.53183596631 19460.54310023895 5605.047262075754 713.4236266668526 4249.930207924664 12131.60214978986 23267.86176695121 30118.00957989188 34995.64793587333 58467.43253511271 50270.69103462011 12634.21469410505 4584.141533971519 17478.16782190226 55951.50010958949 362747.5223769966 755660.3540661921 591010.4170523535 221306.7491539836 110521.2158750841 55914.93487944875 15137.69560258143 6996.108214358394 4616.707397152934 2332.403667155793 298.1384152796002 3.164732998269184
 42008.53957120301 50925.15093655088 51572.9243397909 297086.8863360452 820087.7616065723 7654676.355278403 17820871.8230936 14046840.28866755 3406060.39874475 122135.7960047364 42054.25895537946 50138.29944056443 115645.7115687957 322632.7838325136 1108523.661073058 1587244.266747697 920452.7264236605 228107.5669814205 65307.46321017163 49592.23886782541 21842.56087041181 12537.25966448966 125030.8974276309 464676.5414608332 440823.2125138888 184995.3462095573 135382.7617663678 91359.02380432989 67099.00269996173 21316.07191639087 74729.42707026322 135102.6366485643 1963529.0374604 9738400.617303059 15397435.50746095 9453348.957357503 1956518.733722965 110124.0024972081 56352.07140037532 19053.94032334822 17312.69194773161 9660.995856288289 1327.846412831041 13.9932058711484
 6526.114781363253 14625.19328870004 33464.47010981021 79220.29307768802 434626.3328548099 2014101.956419153 2436710.092855139 853647.093942982 65801.31745901782 20324.31285781401 14586.60056205773 21958.74422762017 30847.13628652076 56509.05602220765 239862.7174658933 295537.9111030896 102748.7232423943 15023.94589317495 13771.86233446284 15101.83542474414 22876.84551740868 33671.7502122712 359782.7961494674 1168836.985893589 977010.9805490121 744690.6082219784 1000710.870260851 428085.5152059892 55203.94964020511 53463.25202013039 45443.71601689473 189052.5964236887 783488.7889033997 896125.075588222 356851.1611504821 231578.4691414384 178407.1556168704 42488.55516577902 25952.39240161707 14713.18629384353 6101.939890064905 2435.808203247255 421.7660331989758 5.585453591694919
 9926.572953286317 15730.78814960224 13229.53033556166 44785.24092636796 210402.3966445286 1345726.838047931 2369168.139892434 1389873.557444073 245879.7482496655 68986.38582678765 45450.01015260452 46914.39543429672 28888.04137220219 19254.29901578329 437688.0662415314 2010638.120637164 2547899.369147294 1767586.824650442 1098848.19149291 661016.7782970424 547344.6564299901 587141.2150463151 734292.2584037868 9109191.670637211 28035493.63360407 26320087.39289295 7948884.640599131 1181818.791969554 355144.9519720891 88560.10194838207 36561.57215145403 24334.19011311821 214707.4263505538 367192.7695774574 178640.5492373053 16659.90312729275 19787.0856566975 19633.76890300814 11196.90204841973 7219.96915721046 6111.120754564241 3432.735000018675 241.4479886838456 0.5748767659503055
 25777.75994269432 40730.37877030851 31583.29256577869 97135.28981675234 224979.0309220733 1977004.302943956 3218336.022978199 1773970.836293407 557831.9257077373 222185.3240900626 77884.17062957241 69040.63237876464 105375.7589471408 427296.7156438946 653586.0701826054 433892.6160878765 196693.0159895913 99772.23299920946 207685.1072936054 182555.6416686539 45648.5016307275 115945.3299312104 1044759.349657161 4392618.393561198 4373242.280268023 1639240.084541255 929334.7426196773 237674.6210046183 42188.26177009927 42500.42122755885 74011.425660074 94440.69017848923 375476.0044325624 831103.6291549393 529648.4806103912 104798.4162449493 184986.713879858 144404.8739742499 61152.59652186865 38274.37401964124 11447.35174481207 7491.0232517506 448.2878372475288 0.3240087584912136
 18960.14392086732 33903.21479534731 35699.71798514848 94146.8859187667 309454.5112244709 1476255.93686243 1497815.14057777 640484.6013424725 488772.1738889096 308455.0496859118 305665.2508873086 239697.1912537016 365166.0761652699 2758401.765892185 5021352.570333265 3509308.500941365 1703847.765590754 1181984.843781289 593146.8985088001 187130.4120121276 181969.1010753076 153369.3471023911 494780.2325773038 602466.0616917473 182518.8425854107 30114.75658935863 34144.56405079789 19984.03886624133 6585.0705548876 7474.747191603575 7343.166573712822 27393.10960370591 137373.3701825066 352222.1836064684 350246.1697320717 296232.258982206 207555.1192317982 44349.63960758445 25585.14975428926 7680.722497068758 6599.116427263814 4124.424746541849 603.3173697430452 3.776227139551146
 13955.58331945182 60465.33141998536 67964.60066354832 53778.03055845692 159565.450310255 2132588.885995851 5715072.252318265 4287855.426011326 1173665.883064734 953005.5844610857 651899.4965882945 746706.5236496675 1132209.029104057 1782390.669892131 18297289.66945966 77552737.14211719 100474354.7669635 44330104.32944525 4707319.592622943 753306.1333033883 517942.4196417212 324156.3018097886 599486.8520765515 1578359.883754977 1592847.840088055 904087.4806014743 603612.6283519799 361104.1125347766 204769.009936425 182069.376162835 177568.0316419771 214740.3352734445 1307472.635741526 2092471.743481629 2083614.79189389 1815843.312104055 826966.59835902 232854.8382552267 85454.8277008703 54577.04664085534 36812.3889639234 19724.08724780691 3109.716042975136 27.49013236821798
 3642.578600430325 14858.22650554068 23574.79858175815 56804.74249529446 223542.8270749888 1989166.745126115 3821866.731588342 2802872.928883164 971459.2967697843 333119.5933283253 392156.8753758026 592986.4796789659 1151070.087686861 6194485.216737305 13940735.86892861 16049737.96662472 11447805.48329676 5376921.84995428 1973465.351220799 821422.4476969138 516915.0322117247 592768.9029351501 2296288.434237558 10924892.50998054 13100984.80545063 4844493.783810039 1026206.824742726 478205.4943332463 282369.8239139754 145658.0508639017 109656.7559457759 229085.6892193172 1357059.014959184 3854261.060731972 4833661.273670748 3034053.557210067 878796.8557163136 29804.79151656791 32203.76380226599 29970.53784931049 20943.33786303678 10519.28136775982 1686.763664167325 2.728453744813955
 39111.03803800709 71640.01826984755 111294.6629470976 126614.7299690605 554200.8155925974 10132199.04197456 51758455.1390637 62433987.9366889 21809270.64634153 1923995.653999872 760001.0676373142 350367.3648321304 28886.88489770187 374206.7629778254 936061.0791435585 1034914.912932529 860225.755819525 673710.1257694198 619208.5553894925 793245.1148543656 843268.5612815205 718004.6646248013 1601761.796339657 29266368.98468005 62858791.12835154 37733558.19601382 6252900.224534132 3812163.352153555 883800.284705117 793416.4920478355 411195.2133845984 537740.8200726804 3613239.949368335 20019068.53391889 30712269.09596023 16709281.0918428 2962798.202926974 414573.0653118727 334520.6356315546 35357.84844181161 5391.437786681844 2409.767479079675 179.2181916008385 6.914476804277557
 11167.37518138896 32534.35178726314 36852.81473869936 57715.60782225589 217639.217843695 2249692.495076295 2698003.35823651 1837512.061330595 1347668.220654969 264959.4259693847 179276.356572825 67017.06210730894 91201.33466314213 1272201.53072612 3566278.914173306 2651868.662466156 474372.1542528974 247555.1286582665 80502.81895483742 55440.20320306588 52109.3394884866 125734.906936379 973235.4970873825 4808316.590062859 4308996.481771958 480687.4182702103 222363.897058469 212692.662541561 133915.388712307 47471.70545769669 30104.49899683652 62797.05478722194 842732.4565812125 1385631.716566492 811710.0164494526 960625.7734544872 913508.8061154829 207507.2792547438 46487.81560018715 16996.02725842002 9632.54519951715 3463.14606183706 662.2444481480087 0.7429830937397641
 82226.25837511467 304653.7074968255 752278.0176388366 680781.4351864038 2070088.367354332 51038807.84673186 170633536.0672807 131891536.1102101 11383818.17368369 1664448.491946841 1028094.678017892 626755.3634903774 498816.046115695 979165.7163030714 1411313.14974735 1974558.14875895 2605453.663005483 1900935.341899728 694782.6131343457 188764.0215396725 122681.3006545704 79053.69404371858 146540.261285706 434803.2042447648 509955.3093921292 356063.1679780344 433288.1989164236 371369.7351740044 320957.8510602007 570781.3632395795 446028.1826931008 2516273.997361584 31849199.51927324 163431761.5541397 205063759.8841636 84110548.03414387 13743157.40981738 868412.2132393692 222337.7561777478 51835.77325654387 39194.28903259031 18617.17945550125 2519.109472911122 100.0064523795675
 29824.57239135589 93451.51459246041 166821.342226522 238795.2175566426 931842.4006989095 7134578.457354464 11011993.94446701 4999547.91954601 532103.0568292602 418184.3992252894 367294.609209399 232384.4576332049 265244.231116301 2260754.870970732 4024557.105069412 2091224.792647943 213460.9765573979 149812.9174536541 138574.8146338516 124627.1386314632 118879.6434380446 221118.2753834087 1682367.560477609 7397442.27915364 8167861.887429204 2838535.808496253 720757.5866196735 251505.781013688 153874.2282596128 125734.8567021095 119747.8397272979 405239.8234943847 1174657.4199767 4314292.893885034 4342663.523131285 965248.5486316298 239280.1303817911 151939.7643256482 17871.79194313731 6788.962110422247 2323.243721364372 1454.681331146788 664.8236842591825 3.37185017790281
 11931.71924873217 45621.4583364612 104610.4933956733 123019.1714567296 534754.0319130039 9327294.691452827 10840060.64811985 2184822.933355563 256452.2174875211 121357.1284183013 94353.30207446883 55977.16947572393 88538.82737424898 1592530.044907031 2447018.139510105 1399472.087504775 548872.5847751647 89321.1957643452 51756.99941353547 124986.347682565 201159.5087455446 788246.6675179932 6482186.594439004 57822445.86730502 81799766.86165452 42943940.44131178 17641098.38758421 4945960.656257807 558220.075000478 226421.6416763647 168077.5684812779 162189.4122647506 3403611.74967215 4162112.94133835 1183532.979376553 350265.7595804874 73040.39620380025 41404.60116864968 26074.06658352037 11471.06021642768 5243.67680563555 2284.766890924634 796.5866290161656 11.37060515145756
 1.380361548353767 6.22927627573167 17.64258693547182 50.03981802402087 111.3145772574252 5781.09349430636 22665.49169630406 22858.06739898245 7344.790803426281 1468.691345631382 40.0246313926238 35.11689466570716 56.04961902076933 852.4392827865553 3644.571232174769 3697.496951068647 3001.018955817558 2634.462822843326 547.7719809918945 56.51382971015497 21.46546253575333 20.06244540755791 93.21262370484591 153.44201660498 115.6942787250185 64.13855259523773 23.9918528107346 8.175584474681886 6.537739602012866 14.99601073515059 17.86639707178071 78.40777527561202 2124.430919897506 6276.095112467182 4705.864337708098 2018.076583573111 2516.259232063289 1031.824417269876 53.78435798817257 7.624017271696437 5.424464518545381 2.107542419452314 0.5141091552090762 0.001048261280912675
 0.3479511222979059 1.384470596168021 3.104430757191627 3.358956087592717 18.90514595011954 624.550994118507 999.1536775725007 539.9660265658933 162.0302484472958 16.28788666176271 9.821233444027726 19.99918121439343 24.39441396628446 276.1956207167848 1948.623243164403 1721.107577464457 317.3282403303553 295.4807627451002 18.74938906849379 13.61225731699921 20.76400409793041 28.80003638379328 140.9649439711361 296.1898389514872 225.4975810363368 119.6001661144526 107.4626088343392 44.83667506555448 6.60292885416002 5.886506799068415 8.879266552763948 27.30333278597118 662.5519294854048 1429.019214667745 808.143793597787 66.29593677477948 52.93509665924876 9.091747355547113 3.369687513576202 1.027638978767544 0.4967219360707711 0.1815117440864432 0.05022230048566507 0.0004195532949115185
 0.04402269818128319 0.1933034657281693 0.5781646337843235 0.9708404435267222 2.470102350835955 20.67877947757258 24.68600958407866 19.77981369950546 15.46814418161173 2.081360548181425 1.047862589432284 1.725653850629225 4.333439971128785 54.59899609830601 94.42285365775419 48.4324818374573 21.79447482307831 18.23686800805707 4.333843414958538 11.45679640183993 27.67748969301401 37.82251217331012 355.1528650957237 10491.59079457575 20850.78747040463 13850.34500534811 3274.744622955053 165.0333753980744 66.27244502265252 25.11529561559714 6.097918249607883 4.872245659289635 55.7237136462247 71.79346838977943 22.36740616010688 5.064754144374732 2.608048173913607 1.426142093138423 0.6788321816546848 0.1099959071680639 0.05933437039039236 0.03340469747692949 0.01287063315723434 4.665807316762666e-05
 0.09667639528563579 0.373888132341727 1.052132960900279 1.755187358778139 7.097923751078375 82.47947681869962 99.953285720422 31.91908628706436 10.17858981024097 3.320577274232478 6.332835402478213 17.6090901633783 44.2136159103226 360.5522879434357 844.9043832422151 911.4811750567001 644.8352249760802 447.4193735184303 313.1853574225652 169.0149305139157 70.56820263847509 23.86198248369828 59.44931676310708 104.8913102279692 77.18621097794053 99.08289120654328 90.366659721479 19.09618949692096 5.051735202041559 3.599030285720255 6.134937436547231 12.45375488209929 159.4193276845715 237.9902994867277 107.3221982501312 25.07111291908938 7.692027358788781 4.337808647837976 1.503162313222745 0.3625738494069272 0.1807138446815797 0.06518010117364555 0.01271100340038805 2.213181092725371e-05
 1.182675514277256 3.077997809435314 10.68383262296178 29.16631014506284 54.91367026238507 796.0780057031865 7499.86067020558 8378.025328800781 2762.574396421597 1190.456323926754 72.81047255345035 16.88172063559468 36.72180910680138 250.0319452330527 641.5054287902174 451.6793939937188 60.84261612172075 34.99261812326288 12.24295118048411 4.927358254144151 3.459558506883888 2.522632314902127 5.201540302034515 72.1186539196455 72.23862732428486 10.72586348826654 11.21327355337404 5.931128823175098 3.670787236482524 8.23144067426184 21.45867430907003 41.9961394911276 589.4515768651978 3666.921160924956 4967.097606918929 5904.211427925597 4491.436910099921 461.4122635904451 15.74627172121453 5.866070594858139 1.567685615944532 0.7080572946868412 0.08179693904768057 0.0009905049591159125
 0.06178831938863796 0.241245620984822 0.8272132144723482 1.527951933186503 9.794132223212447 93.60105656594128 115.7097883846308 39.12011139355825 10.30025557052144 4.525309972622098 6.146414113086896 20.66466920414189 56.61413988277617 593.1764330001 19714.54636823061 45795.97301113565 31668.46991569136 5101.193041322314 162.5249042644982 104.9935478957252 20.75173866747846 14.75710596603573 35.64724314061976 497.3888017279534 529.8955148371981 109.2529175792305 55.80965195360888 11.71949255252429 2.439829332907329 2.065574879359326 1.606540080737858 2.062530125962053 60.38785339421086 120.1748223399038 75.17599057711155 16.3409817797729 4.199326087418454 2.482633654169425 0.4208973350645419 0.1001118667983072 0.04120553224859409 0.01119866456218332 0.001876348121760338 3.800079256139281e-05
 0.07292546903552251 0.315980984051633 1.009173916551062 2.758426910077097 7.906475498782345 286.9213041388153 435.6650382291303 172.787887052946 25.13492287411115 8.507428557715107 3.859368274785219 8.325135534127398 16.43656423276637 185.8153535574917 638.9540197973627 650.1642128640857 230.2668126232197 64.55030934258957 24.79631960266115 4.868907301890621 1.796325309866911 2.80385993348743 5.849340680238821 57.40751835111822 129.0795744592657 77.48874772476017 3.376096541576126 2.11747075602233 0.8905758466613134 0.6526212354763193 1.748261989196892 4.29894690725619 156.5094477627767 268.1926327435099 134.03356643823 33.34154314799263 16.98702686014525 3.417991280196867 0.5482558819688711 0.2284835380460661 0.06907224085423887 0.02878559234034663 0.004424717289279999 4.179247830430024e-05
 0.9571025322984605 3.962795086792032 15.55017640178061 51.29530973878569 137.2117771567349 5567.642489423455 6893.650993716845 2704.414187868752 1624.759550297722 412.8040452618745 71.77920965265304 5.295204284357222 3.316993643398546 55.61303861145321 418.9953524096406 392.4342888591624 42.93012432167011 25.80311585722091 13.45033344537287 9.736157000796489 25.83255210483472 70.13326028968419 569.6068967449047 6591.708182893249 12755.11438453185 11481.20570587884 6201.945258868207 1500.875451408435 114.2741222162896 18.36796734219184 20.72644358740043 43.55936641054522 2263.874649502003 5019.202868128456 3599.055481652045 1339.549653401778 746.9200445380773 250.4689307271601 25.41093436254265 1.964549045067498 0.8504950699319253 0.2040980208275119 0.02797866038085567 0.0001898777117132826
 0.1613136114418592 0.644017351162725 2.976336984410261 7.824702879942147 28.58432379016038 343.3184487770319 342.7944567624649 67.10627815273148 48.52672398593651 5.238033963252907 2.300617166934714 3.881072347160587 7.515484574378913 158.9622161649278 250.1660020736115 135.6661923162205 42.41892745598483 4.35251891776136 1.863214301644379 1.298950699233874 3.941973018131084 9.754195401746056 222.1309932145638 470.9283737801829 268.6052150588554 20.00406571148498 12.20349612869104 6.630174627371189 1.923314861293967 1.286808412697789 3.191511901037798 9.832243145591402 198.2478021816522 217.3429461356165 32.61565984075964 45.95854967314271 40.72371914772368 1.302703995729115 0.5341015174593986 0.1277076604515472 0.04177703136955557 0.007806491343677465 0.001093056726307983 5.106044945751024e-05
 0.0354522070548681 0.1577802202977047 0.5997555268208115 2.079100384040075 8.476838952880817 120.5849098169206 124.7075298354917 19.20110718061805 8.911585182250606 1.221318112660595 2.38848095559024 14.00842790830031 51.1794461860034 1035.124160149008 15596.07915795917 24869.35659137474 14167.42713495301 3940.278037040187 69.83625245738774 33.15754742418495 8.736150781159612 7.157546833480807 100.4410531410132 251.6912256181471 179.7093368450527 40.97418318177748 17.53981189052374 1.887208573685976 0.8803902791229108 0.140239604032259 0.2738794955376709 0.6342244079292692 4.586038533318711 17.7843663143182 14.4384737915311 3.703452651562078 3.175098549427319 0.3854455321132481 0.1272654527510289 0.02554261080570974 0.005763289138442821 0.003063731270839789 0.0005953970827631617 1.299128347514161e-05
 0.2225711642267628 0.9979436337309766 3.369813293895445 13.0582242835225 41.35889947967961 499.0027529943498 1416.978945020314 1831.712456682326 1367.47304272913 566.1172528761573 85.92773331304338 10.54972700038613 11.31353033425729 43.24638793493357 313.2860237909235 307.8769735242091 54.99097870398409 25.27746012194098 3.65505840112611 0.7729607337240113 0.1270991724226917 0.6371851514071241 10.41365211739481 74.35786877835758 79.18960981620056 25.43076495945255 15.0534622775117 4.741060278606462 0.7009861010247571 1.315553008759766 5.110993886206439 17.87001894758766 107.5582459661239 491.4655989251449 771.368758555393 645.3364828532268 364.0441528986802 96.29581532608566 6.470099381911497 3.305173985930376 0.8517758807112208 0.1205540551697633 0.02296529750219438 0.0001815266524116111
 0.07790264980042548 0.3994298686006482 1.688998779651086 8.652098357718952 33.23237109389545 519.9108642870801 547.0082902276635 60.60266670553037 8.265141499299668 1.071096051601311 1.681899653513781 6.474562939902367 21.32299294324079 565.4790473545727 767.0103034378992 244.4247471720493 32.54769243279777 7.981706041815809 3.815621743662988 6.020546470515838 21.91157725729734 106.1482322810284 1378.100051852456 30545.00612349104 39182.58018564767 12007.48063973109 2318.683115898289 250.5680587146496 17.93632498703951 8.189417111288613 7.556678888780938 20.25814657046643 289.3456103233681 352.8403690865872 105.3026407803397 32.18774022405263 6.050534501298226 0.6205983302321956 0.2393392863756018 0.05222044193830853 0.01610380857293844 0.007819080845359511 0.002817272307310601 6.465259471682024e-05
 0.6080012796031756 3.261516292274782 14.37743531905325 77.02819844135939 336.1472571211987 32678.78896818145 77020.83852100505 53145.88142252744 8705.789272856902 253.1547156254672 89.97509641940965 49.87313109900248 284.9556252752384 3246.27840222874 119269.1744315578 202135.8970754551 100928.1991121581 15163.90237068376 174.4760364003491 106.1138846976462 48.85741511133811 40.42453434824989 253.9715087084527 744.5533005757114 614.9313020955495 159.8916078128049 82.18071222939182 21.70904172109544 4.144857755140519 7.277664592289613 28.87959625439467 148.8385594526046 6125.57283178577 47532.55140480729 46852.06008473967 5568.021443025913 308.6621597832251 66.80008137733842 9.089759598411847 2.860559347525547 0.2538065822798742 0.04434112665321475 0.007707865636647875 0.0003084824188342505
 0.02043451336238714 0.1162596101733115 0.5239651220755449 3.071791264692057 18.10424819542537 428.2071431126209 446.9530269637843 60.47880392534607 32.4480648506966 7.565648023704721 1.960446194675979 2.613862308951751 8.901235026542494 153.8529037528455 232.6664422189061 104.0173560109758 63.63951633022069 46.77298830059713 1.895528506547351 0.6161388121133712 1.454910592560819 8.64621248311175 61.42930556062208 308.4076189945755 326.1386529605511 162.2335964917041 152.9669851095886 84.28705731217248 25.82588490970051 5.500521638543029 3.251793049512821 5.736776253799743 191.7618371913973 243.1023998377305 60.3941017121067 14.61416809911171 11.75992512867809 2.306636232519461 0.06539214980528897 0.01707856772719757 0.007675882945180095 0.0072590710874949 0.00305806695423859 0.0002101325553690841
 0.01239459074894136 0.09009775764401233 0.4333772456639515 2.70644264993303 16.48533068002832 389.4523432007201 398.9292651695305 39.26162674555109 27.71184144031214 15.09600920849801 3.579691758851089 1.951764963413938 10.63304009750626 183.2167279495158 452.2014247001082 291.2238994078751 16.6258331549993 5.05154451151302 1.772915465647611 0.5585645095397523 2.121538775002004 16.28041007829293 280.5289995155631 12753.25597438164 26344.89693696931 17541.08883652249 3778.16292654893 97.59529948458921 3.856825022982215 1.477621177713854 1.140161548402448 3.770679063392058 134.8802109012992 179.2159078425218 52.34856973494598 11.42949352836379 7.981261370392031 1.800798282727357 0.238078657003874 0.01884240530867566 0.004151175395315379 0.002619829459827134 0.0007292398063873624 2.617562629079649e-07
 0.005924246402482937 0.05484050485471782 0.3149955913237678 2.475128272102317 12.46535891379637 450.8836505540634 460.112953304597 23.28746154176388 4.305622422998399 0.5536859166127492 0.1166223817342368 0.4036491023169378 2.842720239237735 306.9053774130392 1769.410218256097 3218.991826141897 2393.863626882102 693.5166686891691 59.79545401377017 7.089004364216157 1.641181010053318 3.851859508869342 75.50055563381734 258.6169896481743 191.478426542722 78.36935698717251 77.24207943183009 4.82911170306465 0.8592843789659815 0.3221519852682908 1.75620268732867 7.254188504831181 426.8883289990338 518.2530912306516 99.53104371117577 5.978378035307523 3.844065458215589 0.3723898288761148 0.03940523664735837 0.007004923283307709 0.002553614942013505 0.003692877368525371 0.002941696235128057 5.692012735744852e-05
 0.005602680855948846 0.02224442924214058 0.1897631936494431 1.133078267633894 24.92008237934756 9945.093169462041 22042.580383663 13727.84545433313 1743.451529373433 139.4989678095076 2.921108471033725 1.03631983928685 5.153603955568591 168.7754997150716 506.5419570421078 565.7591882294205 314.9467734746547 113.186429616018 25.45828513486676 4.682696129536351 1.215958554114192 1.58400497369192 21.3766545654322 67.66294479853789 51.01645954331843 9.007489828455995 7.200211391102417 2.223070210367842 0.6237501675503375 0.2469631615286427 1.285252681050238 12.1549298529512 2910.862404184925 19050.3445714672 22397.95098358181 8326.829897452593 2127.325807779462 48.44653941344202 0.5808509084516769 0.1057411205538155 0.05073684913348474 0.02293773030572362 0.004067928980180403 8.966338874823793e-05
 0.005255439889938724 0.008017713157314817 0.007601364473406437 0.04147350055110528 0.2635940773354243 3.280940719356734 6.614294793678282 12.47520092440753 9.152254557979312 0.3176651479247757 0.1368403416637789 0.3207854383531866 2.343766413629968 56.08679274492104 1585.45467554099 4269.500540474794 3113.350904967469 421.3828912064444 58.84185284630315 17.36017678495154 7.879213262407624 5.573409984155474 8.99374991950512 575.48019921054 1627.944259095931 1521.636033853918 512.7838818145265 50.89439707341968 0.7691922923342508 0.2114665879613909 0.07790210598739711 0.4067871032094917 12.53041341789318 14.22960282661406 2.39339246640002 3.1552895178641 3.041032316754455 0.264771845647196 0.04597787907310633 0.005704564615997809 0.002696775459124467 0.004478771372873885 0.003953162734795776 7.885823957032989e-05
 0.002034001470615673 0.008094775818358258 0.04854831401231923 0.427025558490963 3.770695528577873 39.33335496150901 52.8729299441065 30.00991642830321 17.49133388064742 4.755767608702624 0.4096153881497502 0.1282540864724954 0.7683026861956544 15.93284977403232 44.94609141834081 32.67358929641481 7.08272112203556 5.340464108690762 1.996032239082971 1.073876709823747 0.5380237137719839 0.6480048983217479 8.739348053965074 170.7578776382658 206.0505331594444 114.0239337764891 100.9551692291181 31.90633144425638 1.649900270912778 0.3238930184502826 0.06739920034129827 0.3377190175314838 14.84351083919938 16.05375510662605 2.870832474762875 4.310268174965875 3.974920688437109 1.270602140291692 0.2718928465496336 0.04585376410529113 0.01336374663605662 0.004289728805073061 0.002666720335716335 0.0001434497268292336
 0.001591695276690769 0.003403929465399642 0.02473647310993654 0.1940182248939689 2.116770120755679 291.3140353776947 505.4421460552723 231.8164539218224 45.75442220260206 33.47274658131478 3.520199484030244 0.1320570706283017 0.653084752666881 127.5152407205823 1391.349721220891 1621.129064199387 362.3245356731901 9.624433536437722 8.398013931922875 4.821315850019479 1.277516910174526 1.267942888165277 3.070382951701315 1491.163830335525 2874.886891157214 1808.354803432427 445.4537120629642 25.71287271068742 2.26936039910587 0.03469575450420223 0.1371206303049006 1.563413159591201 547.1438712764722 1362.769050178272 944.2074173273426 141.9810332763038 16.11211204284517 1.422969447105095 0.1677184102018234 0.03149107072746597 0.0210565795855178 0.0130686726258388 0.005779774050544162 0.0002207935001595499
 0.001619100910815928 0.002781843156421425 0.007394988886636302 0.06612074450388104 0.4952204361913414 18.95448872045775 21.71286069120107 8.276472744153358 5.187298276864776 0.117983822803298 0.0225698484326463 0.05996156140270292 0.7224744184567271 45.39745228868298 77.75556263828437 39.96204608795546 9.371602481396838 3.219361144148843 0.9313272742572231 0.2579289877315372 0.2054773563901935 0.3394810590134236 9.083528208883751 60.6660843127046 63.30232091548454 18.87033534622112 10.92751743633865 4.757699660272658 1.552579138911237 0.3829332661586219 0.06956180586799673 0.2697593608000787 17.72444950674481 20.77417212391808 4.433379405617643 3.281507281127618 2.285367838939221 0.1458158654732672 0.0143643023169015 0.006275697231631638 0.003668261733015719 0.003493067022710026 0.00215600200721084 0.0001453491776643482
 0.00912504555566134 0.01109285287957321 0.004354210589052988 0.02179397387549978 0.1915253166973917 3.706017340348515 4.366301388149285 1.344319985520197 0.6832189156138111 0.1891454255637284 0.02742595536635265 0.06953498645167569 1.127844638968219 131.2189471408911 4637.159019087275 6414.078070821514 2012.428900135714 134.247303399971 30.76139383428337 2.229277227767483 0.4347933515813558 0.3892534107351768 13.65149411859749 1149.293890173037 1723.576111214961 1123.752115770189 543.8299394932391 9.748783196232106 2.185350305657651 0.178117534504408 0.05153449247266804 0.1586956890447326 8.824887623353009 10.7984603176905 2.219016361111553 0.2562916565080685 0.1901618106299859 0.04030886837870501 0.01196503684378246 0.005670490339281004 0.003379847751755197 0.001594800981485659 0.001013927560360429 7.104953738419448e-05
 0.0118777144074669 0.01371849922946281 0.006284055793797766 0.0577724555989256 1.075666557317848 162.4451411707948 295.9627627656759 409.8268456019659 306.1572419608472 35.20621407083033 4.38453387027887 0.06765757690628965 0.1063165740134502 7.157721842795725 214.8710514751581 369.783687544166 274.4341903602898 163.8870247270229 68.06772021343987 17.8659945193199 1.266833631286698 0.054752303089822 2.025842796908188 32.41392469853416 38.33559374353713 14.8620743217765 9.239499950656198 2.598349170683518 0.3226981645605042 0.03536350190047367 0.05123322601894297 0.8537824341260226 50.08461775607497 160.7210884091961 173.3736498967833 73.41695426828009 13.62306238447641 2.188047731029017 0.06608507676356469 0.01313636795397594 0.004127579340868841 0.003165168228147836 0.002033654362068115 0.0005070245631757675
 0.008782351041840343 0.01062975830198398 0.002764012660271396 0.01519286340438226 0.3178867641032501 165.1782995643138 930.1017903551279 1033.718321259901 306.7882466062003 43.75312441636115 5.652616457938669 0.2109800441702642 0.09555337631167768 3.52277304212729 71.18054558884496 117.7253579841777 73.12620200304718 31.74397735053532 10.75848507602918 2.56422953986903 0.4460475090319049 0.0584092087420148 1.623908798771163 609.0225896842312 1141.279575104878 608.624676450489 86.60513033843523 12.16461792355317 0.3456316677282146 0.02904741085170623 0.01405240343460639 0.0918811940219488 33.97522457614224 416.1067761847747 712.1097741272463 423.9700105628162 101.0404011055073 7.129943106892189 0.1988326336400282 0.04044687256094023 0.01571340836497422 0.009765619216692462 0.004064511882137565 0.0001787350536804265
 0.00284350062038501 0.005702830514517373 0.005502464197584332 0.05503891491074785 1.022605792536223 640.4410450893409 1465.952863222758 932.6464983097289 113.2405225254067 9.072196788462541 2.312853280248064 0.3556828929589021 0.2286547886709133 265.6960737129812 2814.515366995149 3709.082050577835 1363.31670184526 292.0742405523633 143.6122458400112 84.31407898490811 43.52389244097003 19.03600605141061 7.022008497323484 46.49309201984495 90.01942245358721 78.35191481084897 47.37110118102916 15.80512861872363 1.296702057557284 0.01736014368670265 0.03485498335441903 0.6507247512729759 85.848757789731 310.5244411195148 762.3288877032263 626.1981717382772 92.93566564288429 3.876397725918808 0.1266742090299499 0.03727282907272629 0.01884135592807835 0.01100874321979743 0.009078147114131135 0.001919510805452403
 0.004838292674338391 0.005671312329830527 0.004206732143229414 0.009852459626509279 0.07252015097529312 7.743358695646529 10.89630605854348 4.606816976562106 1.666357714916595 0.338795079226738 0.06867734801519967 0.0190798497334078 0.2208343511494912 16.59355380172258 35.49674067064615 51.56343692277982 60.7225492787143 35.82688494031781 9.815562662044979 2.947934264682584 0.7635031867275998 0.1240031731272328 1.860871436401552 48.69524689156605 67.84048839403314 32.65696366245115 15.3547165192756 3.838677262280845 0.1989886416479175 0.02580522053594872 0.01186859222411379 0.04978645855426949 4.211036582772235 6.333313127638282 2.539238548408018 0.7836570863602135 0.4564530754635966 0.04991560392888772 0.01147358604074516 0.007937414298152354 0.004216623006510237 0.002348528830533388 0.001848022177142065 0.0002577358019525074
 0.003629304999663756 0.006054418781108968 0.006915193669578041 0.04137445558670248 1.59724785925679 327.9122643898922 478.1643954521084 180.6495214202494 40.09001586770006 11.63661680945147 0.3948065464171324 0.03035350348144779 0.2128116808146745 11.45581573500224 109.7366519634424 180.3896010844239 101.1250781589692 20.50112584853557 1.370482045622195 0.08902848305207411 0.02370252163501721 0.05085766797588727 1.301175027412796 441.4703503218802 1031.309256583924 840.4651822107262 302.3723303125781 62.10790723694888 10.23285304437766 1.257752467598663 0.1734423117883934 0.5125922156574783 108.8920784591446 177.5869436766905 92.73838645006458 32.45822273736076 14.05748333998115 5.230398702352245 0.06060167889924708 0.01663721121009716 0.009304574064437179 0.01294629446879929 0.01066841658156513 0.001769902123327966
 0.004114010471482603 0.005809663200620268 0.002790879182315689 0.0109752324662803 0.2728694717988523 14.12309995282894 30.00904809234878 27.36030162338553 13.46411179097807 2.417974168170758 0.1718247577244078 0.01483404803973674 0.1632273723972854 54.61684938058143 143.9795755309811 143.6124746881595 74.96090583498477 24.50295505282817 4.841490122514178 1.575400291550398 0.4583200578108484 0.1652450025846402 5.641489978871323 704.7338609156651 1270.334464280356 752.5206567962834 184.534352573772 3.412907332800059 0.2569107009566429 0.03109433204820798 0.01444436810760497 0.06758064086004516 9.510061782283218 16.18900568199022 9.90278087485812 4.745503167136657 1.742904139704503 0.1641590416170015 0.008927324887242877 0.009349736816626887 0.008971427466797863 0.004292849024305642 0.0009796608249945948 0.0002354352417995835
 0.005496672411576648 0.006913255551109098 0.003335892990549118 0.006090642688464125 0.09807868398106659 320.2567056393099 651.7415042275027 374.7368626455537 46.06091231420199 3.094079769379134 0.1989988891571815 0.0122722882355029 0.1401068617108446 200.011251994868 1198.489855696318 2014.530293886663 1062.287499470551 111.8753154548472 84.16599956991345 22.7228569226142 4.968396867289463 1.05890771703811 1.333817906623487 5.164942353438491 4.858807876309156 1.334996047014994 0.5114557644994469 0.06982878999783956 0.01831418140002858 0.004255049527152305 0.007038325750370934 0.04171650709959485 144.1913975035729 511.40276722778 590.0243011055593 261.2866247735516 40.44345918380942 2.124899408428643 0.2424584548674541 0.07360203435311133 0.03215316534792145 0.01385309110432827 0.006343452130602131 0.0006965668564356579
 0.004477630874540887 0.005793514315252025 0.002659702567719109 0.004256441333981033 0.02349911728732994 4.935983322962437 19.51887750547446 20.98529594791159 7.242909055993648 0.8896273752826858 0.03732657262607986 0.01466398446449729 0.02616016193956371 2.517338038487941 725.5947937685578 1030.60732089804 495.5320553035668 240.7460846220311 80.29693472684508 40.28817340436864 17.76311646900956 6.990328357489213 3.504277746679862 143.5667039468672 200.9927670874854 86.41342151595677 27.60935103531249 0.2232256259253562 0.0617000785297105 0.03347078638454973 0.02748121766683286 0.05343274984050528 10.46772067528049 18.6811366568564 10.23371591832649 2.26844506262957 0.3119005945941234 0.03381562520274778 0.01389267538067889 0.01097547237579207 0.006741373195526904 0.004973762400690446 0.002765361655824347 0.0006566677224522498
 0.002308829752292787 0.003909368512294542 0.005629793862590908 0.01023657350330632 0.2853034241290064 35.1754948030193 63.77075339657755 41.74003018401368 13.73881921506332 0.9855889301752085 0.1205314338764707 0.01189471133701482 0.03222142821394199 23.92696824403782 78.79634467947012 77.685287545146 29.00290232025994 7.285503389249097 1.249097523143921 0.1880741578136925 0.01505941843654776 0.02848462622656277 4.01199379932739 1509.602244807122 1727.13568834002 317.5572491633989 101.0312090966768 5.596948749838888 0.6203992423638863 0.09573563542067662 0.165183572982376 0.2102533030848815 14.02347427512288 35.72448243102619 29.94133654951406 10.78069546180005 2.682777915193074 0.02699320543809951 0.01187874058721829 0.0166786429605103 0.01407255645589763 0.008458372287114206 0.005551908259820723 0.00132515387898118
 0.006276242895305711 0.00807511659559923 0.00337440632951681 0.006078317853819312 0.4518048023747111 954.2902636873795 1325.714054018353 483.2427108744036 123.5532221005084 13.77543357091401 1.715483482102683 0.1621130559380818 0.0798418974234482 46.26642231487165 371.4617312042845 429.9616110395932 130.286683148548 28.16026855920391 3.626768607997936 1.284531200024461 0.3078690934947326 0.07219714605301661 1.349094140761801 238.9110949185649 418.7537355985224 229.0271870519636 49.86821544808841 2.579498162204068 1.040731660985817 0.5849362857423952 0.1408608439567471 0.1563542583723707 142.0874448889896 611.96847188583 761.9140755433918 391.4436506867072 101.7409897507299 2.309872316097962 0.1624635826090207 0.08085414335217891 0.03454278737230836 0.02086068464390408 0.01361225616248855 0.0003902295733348756
 0.002815277727932042 0.005408981045086865 0.004738006663203546 0.006895581439495504 0.2101448032990552 143.2277923711925 215.3558565474353 95.92814411459565 26.0694827749268 2.938294928439383 0.5038644873742644 0.04639642664123311 0.01762042298259364 2.466451541962557 58.24984293952893 67.16910079103062 20.20906314021848 9.777712314636608 1.0453646112674 0.1978493071345325 0.1095120779821364 0.02945817734386413 0.678364043202424 5.375843919584039 5.972463502056245 3.084510174819117 2.303773145493722 0.5482719805695112 0.09388195803803719 0.03317076924369744 0.01009105400031281 0.06920536366411807 117.6742690816802 213.4156204857111 145.4609834686972 71.3548071401779 22.16194473340961 0.5768297329912917 0.1424834604508102 0.03211530769531146 0.01180593120485889 0.006716605078892083 0.002625749287996125 0.00039520193128519
 0.006029376014541015 0.007760033222416951 0.005351712141691374 0.005323775035739301 0.02960246808218445 28.95669427727942 57.87333342743729 33.25261749650232 6.519915214506545 2.260965976134979 0.05974544151869851 0.01427083923317089 0.05726021260565911 140.4569287860045 703.9055733532159 724.4060561568378 179.1678845244236 30.60369607399821 13.41420744384478 1.110366363141424 0.3643883912716662 0.7425394377332268 2.669152724927847 176.2297505979732 329.3264063535508 258.008279686561 114.8817654922675 14.29616067979361 2.311991334544505 0.3606180760471653 0.1457608280489969 0.1736077175939894 26.76724042104221 89.24742340858182 84.55464043502067 23.22484410996869 1.797203492250885 0.5336681938208403 0.04341463352182669 0.01778132848944196 0.01386856021854534 0.008167107917122676 0.004941402296606143 0.002157120884501855
 0.01359817016530037 0.01544096720467238 0.00626810245267723 0.01271764863179423 0.1294601054648533 54.19415541050479 150.8696117677985 103.3232415376787 6.908276116481159 0.4069553901399348 0.03130915078186275 0.01190379521131492 0.1031850399540112 22.61999008236382 213.3226503935732 289.5023699978904 119.9477592483328 22.92506739799146 2.82472964769079 1.270416514565515 0.1914684399317176 0.2214671265181528 2.92125357993298 16.38787133960079 17.82333968872657 5.370496374330037 1.311876002316959 0.1591786243361533 0.02760631796441556 0.01368576791351698 0.007873149296250648 0.09022886666462646 42.77672144746869 118.8866658343647 119.6024626563066 56.69633755680725 13.59979403974659 0.3297133209119881 0.02528019470581486 0.009736722605890509 0.006447568444357581 0.005936534953004364 0.002674126391440009 6.814273938615376e-05
 0.006310845017678916 0.007500626682367374 0.002251414361615422 0.005534213740719579 0.02254218787915156 141.6356941766546 275.2178387091284 174.9975788829292 43.2524860863986 2.28165601253732 0.5301536782341026 0.1184078697465973 0.09751258005993427 7.815031702637443 24.59413051367173 27.24498185078336 14.29651124818942 5.67145289833106 2.438751293934307 0.7673204206075436 0.1500533381008286 0.1195965483727623 3.690956101950458 133.5350784047307 272.7557956943655 158.4579866097072 17.30261401925839 1.8746996091484 0.2449374509478695 0.0934887464989473 0.03955713471405356 0.1173384849220268 64.49768797321438 204.4955997310857 191.0372920239496 64.86381123860374 14.22302146344627 0.333627661343825 0.0535716638356841 0.0258969410488876 0.01348937329172649 0.01089210528430866 0.007728989914182432 0.002019048467478913
 7.113006176802802e-07 9.203201543241075e-07 2.348300055273142e-07 1.155218820022301e-07 9.332317717875061e-06 0.01632813575594099 0.03318544310588992 0.01845127033697701 0.002183657286980042 0.0007177420347642758 0.0001592011819627836 4.921136616336087e-05 8.155669713406716e-06 0.004294343564587947 0.1269181659726197 0.1546026780368876 0.03292418791926335 0.001327393239166106 0.0004046909839839207 8.921028995212039e-05 3.698813885109407e-05 5.973398560255321e-06 6.183348708694469e-05 0.002755229404459404 0.003821182897140241 0.001526419311389892 0.0004552388475626877 5.775791561566239e-05 4.020780150603721e-06 1.188472293773475e-06 3.367036295110727e-07 9.679115685416243e-07 0.01589993693487295 0.03876960604253064 0.0307594701460823 0.008394076627252209 0.000782628100823582 0.0002955768715736599 8.142884704435231e-05 1.893291040888551e-05 3.577259169524822e-06 1.628110633047945e-06 1.810546415543509e-07 7.280118767954157e-08
 3.798336495286193e-07 4.291169758500386e-07 2.07455652413847e-07 2.275611140967325e-07 1.695837886116264e-06 0.0001703763674201904 0.0004623017892121618 0.0004929267765654722 0.0002138828853415763 2.459314773991517e-05 1.060262194252298e-05 7.464113721051098e-07 6.747796734740502e-07 0.00180040205408866 0.0091123745502815 0.01008006632730228 0.003144154238804502 0.0004335304427719306 5.185749529737168e-05 7.347552417058955e-06 1.994373424406247e-06 6.046762560028676e-07 1.286526077536815e-05 0.0005897643139794257 0.001071245937346119 0.0007124195368103352 0.0002633771835914781 5.201764873335072e-05 5.751581869680196e-06 4.20414030625159e-07 3.31040434962996e-07 1.239842415273899e-06 0.0002732224192654205 0.0003038231681864441 4.340842454967688e-05 1.519515794535211e-05 4.664720385331173e-06 1.285598988653149e-06 2.353601046280528e-07 1.957896350943344e-07 1.980600517136943e-07 2.432826124810775e-07 1.846343385815737e-07 4.865041696212779e-08
 2.006325358416707e-07 2.480504478773953e-07 1.176162601043909e-07 1.512072546031345e-07 4.887909740643264e-06 0.0130688330754205 0.02998478503662407 0.01793655385130703 0.001080067317917164 7.391637131471316e-05 4.966068793346657e-06 1.27581920370169e-06 3.663126291170695e-07 0.0003400760196146237 0.001820203125656349 0.001943726520570655 0.0006331226375161685 0.0002007630750121379 3.655832888059651e-05 8.39008767907389e-06 1.934758819375239e-06 1.140282302057117e-06 5.813644933011963e-05 0.005288420278484239 0.01003809719371833 0.006336552064042786 0.001581677086805425 5.426886616400271e-05 3.359393338957507e-06 4.446988159174464e-07 2.682918232810637e-07 3.080503665196015e-07 0.006221948030189738 0.01810365764253801 0.01604369638499149 0.004740659708831796 0.0006194197194506905 3.275806262741353e-05 1.66059878607617e-06 3.884686214353299e-07 2.433216825085089e-07 1.924358995642278e-07 1.387518931526172e-07 4.515202147054433e-08
 4.465996076683988e-07 4.978221968465785e-07 1.10482156687789e-07 1.017764642561266e-07 1.543357157049379e-07 7.821828357785535e-05 0.0001309583268749354 6.334627235277428e-05 1.496933303126442e-05 5.091776113293422e-06 6.441971946574779e-07 2.912211067631084e-07 3.483236152869399e-07 8.689142594346422e-05 0.005831406363817602 0.008722194647980902 0.00353577274574568 0.0006811810682184886 0.0001971794718306897 8.148422867194237e-05 1.537539266232698e-05 2.37120785505402e-06 2.312647041713841e-05 0.005250410175712864 0.006860221913851152 0.001826138769284714 0.0002101836046540393 1.746314451953232e-05 3.910014608493984e-06 2.100561154985015e-06 1.022002107383774e-06 8.202971991168057e-07 2.432752795494571e-05 4.395785297861591e-05 2.262634909486265e-05 5.693390980457145e-06 3.190579905718175e-06 3.83884784143144e-07 2.343443119976484e-07 4.555249261587025e-07 3.94032960348493e-07 2.009809100046372e-07 1.61409348320458e-07 2.982916453663355e-08
 1.531728139565033e-07 2.553526307524285e-07 2.332708783227763e-07 2.277487750992179e-07 3.599495518087907e-07 0.00391228038909969 0.006466118973511827 0.002771201449358822 0.0002914602959388366 7.67546332660352e-05 2.164613845377729e-06 1.225823313985307e-06 9.759521919222431e-07 0.001846110498034035 0.01787460522738613 0.02317492600657389 0.007407464175680085 0.0002896536799245516 7.120429864676965e-06 2.274935469506836e-06 6.351114343014831e-07 4.030450602904244e-07 2.901945151813416e-06 0.0003027273776538445 0.0004265658520140728 0.0001663948682704752 4.237263154318881e-05 2.875426424581532e-06 5.969872795884956e-07 2.972248061735063e-07 2.213229528848092e-07 2.589003755759085e-07 0.002656046030075468 0.008758691418707533 0.00828281517997639 0.002298041517519255 0.0001481586668935441 2.956795437743628e-05 2.800517582440171e-06 6.979858646240807e-07 3.587289713340586e-07 3.055843446263533e-07 3.026838622947907e-07 1.317601333030857e-07
 3.880595010288606e-07 4.308084982090946e-07 9.545176781021678e-08 1.362875578689927e-07 4.605212547293252e-07 0.003754536502928776 0.006325483396105286 0.002829636737344687 0.0002709375994505253 1.639440424523505e-05 1.504937504638952e-06 3.897170096890638e-07 2.761611306755617e-07 0.0001632929067987216 0.003206963808172039 0.004079503078590853 0.001183330378698099 0.0001534855763219555 4.780536970934864e-06 7.66040892946169e-07 3.671879778507358e-07 3.251111000568698e-07 2.457843582828046e-05 0.002668789033882672 0.003511910777893167 0.001156423318474421 0.0002946816593701699 7.198861020382913e-06 1.11391862647053e-06 2.912550469594814e-07 1.953472486772836e-07 1.908184451008824e-07 0.000381128902380848 0.00180566933086956 0.001766911527795778 0.0004786590127652479 0.0001385745434231342 2.384510204547215e-06 4.750413580047925e-07 2.839779171832347e-07 2.06337924066988e-07 2.058153841577642e-07 1.454990088203165e-07 4.945698234552394e-08
 6.083712555041658e-07 7.464863069479017e-07 1.973951119200453e-07 1.756822273260362e-07 3.837058005292205e-07 0.001432475585136049 0.003758601723698005 0.002722516048627654 0.0004003521624152745 5.167090045791992e-06 1.105215816378746e-06 1.83971662969323e-07 2.212418679791923e-07 0.0004266443640098116 0.006524271447402779 0.008850271509861452 0.003034541036019489 0.0002867170953519025 4.930071437999793e-06 1.86997645694933e-06 5.757339360231533e-07 4.188046056932776e-07 1.737725727914674e-05 0.01121607073827402 0.01716887443803954 0.007549418824692018 0.001589373804417511 1.1650933676429e-05 2.127836323390326e-06 6.450794798647156e-07 2.584359094308885e-07 2.002513891419124e-07 0.0009814926542424348 0.003027640814228641 0.002934840007264688 0.0009768155099268462 8.959614887230424e-05 1.086075532732466e-06 5.91394375140991e-07 6.57350848804221e-07 3.130448738794178e-07 2.653183523729244e-07 1.73262975287304e-07 5.241674096228412e-08
 8.158775809968137e-07 9.062572868825701e-07 1.395660926423622e-07 2.984240679012016e-07 3.211702053484645e-06 0.000793006856862559 0.0011381041818165 0.0005072576466007407 0.0001836094783137748 2.711988151111106e-05 2.659236472820014e-06 3.55480179830627e-07 4.448335384301281e-07 0.001785240344814978 0.004092603532182051 0.002959818743255462 0.0008785521672396177 0.0003037995648773244 9.94727454304166e-05 2.607730813091729e-05 2.535380479240083e-06 4.414164445349322e-07 3.202903173253294e-05 0.000292708211748184 0.0002968761644280908 4.780870685893538e-05 1.437174248450264e-05 1.948480879451341e-06 6.266998517470519e-07 3.714043137145287e-07 2.442828301189159e-07 2.924783332134303e-07 0.0002142692291569542 0.0002767076416327166 9.688002114497106e-05 3.928943092501312e-05 5.509652691498295e-06 5.51733170153182e-07 3.540691412647496e-07 4.392787823633046e-07 2.989548598447347e-07 1.596909241363175e-07 1.351273408054611e-07 3.752531026489299e-08
 1.100126318461712e-06 1.190780706145775e-06 1.590664464728624e-07 1.904698594863306e-07 2.321555492700421e-07 0.0006489076870902784 0.0009370171008873471 0.0002942399274280593 7.06425546926127e-06 1.353228499107364e-06 4.791323124450596e-07 2.669361023507102e-07 2.55297131302029e-07 0.0003137870093357275 0.0008580227631713871 0.0007020235902908158 0.0002365914706552952 9.175235923900092e-05 1.38252676050411e-05 1.370322061606673e-06 4.903280358602793e-07 2.87996815198566e-07 3.507563182512581e-05 0.00426567158419974 0.005006617883070935 0.001103346786716074 0.000337551322659539 1.006989512418702e-05 5.005184064970948e-07 3.274871540809302e-07 2.340618195382633e-07 3.098195214494317e-07 0.0003541289341484562 0.0007885088740840207 0.0005000924846099087 8.901389111636815e-05 2.486697612077603e-05 7.480910828909315e-07 7.978057554495654e-07 9.363417735788535e-07 4.963740839320359e-07 3.343284196677919e-07 2.879031598764532e-07 9.79754076803084e-08
 7.706759772730418e-07 9.23464283362868e-07 2.756372483241942e-07 2.493386749954634e-07 3.425057640512269e-07 0.002248368867661973 0.002951265806740311 0.0007363670240540023 3.625055384753627e-05 4.798076450449151e-06 6.269255005221673e-07 3.917665439637883e-07 2.886709630750225e-07 0.001843774919426309 0.007312237031062138 0.006394039812608075 0.0009739588665240799 6.203666530054594e-05 5.123689228107887e-06 1.115983131084955e-06 6.929570606410645e-07 3.956396303195563e-07 8.035193725725891e-05 0.01568165084152407 0.01708685771649945 0.002300065250875734 0.0008202378469309097 5.551909680489157e-06 4.129533519873176e-07 2.37067754681859e-07 2.250920509354702e-07 2.20742488557025e-07 0.001626192505377204 0.00262451897392434 0.001268121472275093 0.000312174683089617 4.368992423948757e-05 6.583677659669628e-07 7.428130798375285e-07 1.026515700137057e-06 5.09083359553418e-07 2.591231302018176e-07 1.806100151338535e-07 4.838801628155174e-08
 1.862007134947234e-07 2.873354643169036e-07 2.397309895574825e-07 2.874022794059126e-07 2.498546667917832e-07 0.001361328844230417 0.002027753402165238 0.000715577930604309 5.071828934187895e-05 2.087974040465564e-06 4.484659181421854e-07 3.838210067249722e-07 2.830074020225425e-07 0.0006229746723074005 0.002858664063261855 0.002815759243178469 0.0006608531982810132 8.357319235737178e-05 2.822933912019469e-06 6.747712458326695e-07 3.746997510814309e-07 2.898209241008288e-07 2.913287037657363e-05 0.0002118305200921218 0.0002190688025278017 5.232054286571095e-05 1.796727846394744e-05 2.051671359939506e-06 2.553898722437532e-07 1.710403546447195e-07 2.726381105510249e-07 2.876046160414315e-07 0.0009447804393650249 0.001872400094371305 0.001027612832320052 0.0001124974255291368 1.408233960785662e-05 8.438243147860299e-07 3.34098943512811e-07 3.396525229906945e-07 3.223276867127928e-07 2.138493103402454e-07 1.355340971195544e-07 5.895289732313199e-08
 3.141714191357384e-07 5.472336869238449e-07 4.444612739629918e-07 3.151913886182013e-07 3.843602129188455e-07 6.267868304122098e-05 9.053840250240487e-05 3.783394621055237e-05 1.042695634059808e-05 9.159625662790476e-07 4.436409738194736e-07 4.124724596602123e-07 3.475494182817712e-07 2.727366246348161e-05 0.0001927564466378469 0.0002296549900075534 7.171226009176514e-05 8.988923810119095e-06 1.126762302876173e-06 4.778252029014802e-07 3.206170340494039e-07 2.342926621452042e-07 1.098296805713594e-05 0.0003566068406075457 0.0004146338899482943 0.000112914763605725 4.495568695628523e-05 9.434707043711204e-07 2.923412267102176e-07 2.465639450398386e-07 2.268750744339683e-07 2.531624206316748e-07 1.351936669005802e-05 3.624618512726744e-05 3.293165724887222e-05 1.18955496524417e-05 2.073361193628601e-06 3.109560181237694e-07 2.737643189730318e-07 2.683596008690003e-07 2.480554919977664e-07 2.305305892043313e-07 1.560086026553499e-07 5.067659368811438e-08
 1.038605411282691e-06 1.167487169254317e-06 2.984081842441141e-07 2.766929908937391e-07 2.284535121095086e-07 2.339708228144456e-05 3.317528987307232e-05 1.55732435732467e-05 6.264326875339397e-06 9.955278002373504e-07 6.618023151372043e-07 4.103296085333834e-07 3.670596879315263e-07 9.50846200700066e-05 0.0001188904781327314 2.89550984952632e-05 6.746600064730077e-06 2.282627612350083e-06 6.685547856425749e-07 3.395822612176123e-07 2.741875725930463e-07 3.068287726196723e-07 1.416368689454756e-05 0.0002010500118076821 0.0002547099498169122 8.673737738973886e-05 2.070373798287149e-05 1.458147057827088e-06 4.527258187306426e-07 3.611736463797109e-07 3.224015532757417e-07 3.303677363228589e-07 1.12268456839668e-05 1.240467787040769e-05 1.910346312841614e-06 1.206634296702339e-06 9.756532635931996e-07 4.642336775684718e-07 3.44608862338981e-07 4.842714576148591e-07 4.342809301676641e-07 2.428506757045204e-07 1.97019495192712e-07 9.126051925132983e-08
 0 0 0 0 0 0 0 0 0 0 0 0 0 0 0 0 0 0 0 0 0 0 0 0 0 0 0 0 0 0 0 0 0 0 0 0 0 0 0 0 0 0 0 0
 0 0 0 0 0 0 0 0 0 0 0 0 0 0 0 0 0 0 0 0 0 0 0 0 0 0 0 0 0 0 0 0 0 0 0 0 0 0 0 0 0 0 0 0
 0 0 0 0 0 0 0 0 0 0 0 0 0 0 0 0 0 0 0 0 0 0 0 0 0 0 0 0 0 0 0 0 0 0 0 0 0 0 0 0 0 0 0 0
 0 0 0 0 0 0 0 0 0 0 0 0 0 0 0 0 0 0 0 0 0 0 0 0 0 0 0 0 0 0 0 0 0 0 0 0 0 0 0 0 0 0 0 0
 0 0 0 0 0 0 0 0 0 0 0 0 0 0 0 0 0 0 0 0 0 0 0 0 0 0 0 0 0 0 0 0 0 0 0 0 0 0 0 0 0 0 0 0
 0 0 0 0 0 0 0 0 0 0 0 0 0 0 0 0 0 0 0 0 0 0 0 0 0 0 0 0 0 0 0 0 0 0 0 0 0 0 0 0 0 0 0 0
 0 0 0 0 0 0 0 0 0 0 0 0 0 0 0 0 0 0 0 0 0 0 0 0 0 0 0 0 0 0 0 0 0 0 0 0 0 0 0 0 0 0 0 0
 0 0 0 0 0 0 0 0 0 0 0 0 0 0 0 0 0 0 0 0 0 0 0 0 0 0 0 0 0 0 0 0 0 0 0 0 0 0 0 0 0 0 0 0
 0 0 0 0 0 0 0 0 0 0 0 0 0 0 0 0 0 0 0 0 0 0 0 0 0 0 0 0 0 0 0 0 0 0 0 0 0 0 0 0 0 0 0 0
 0 0 0 0 0 0 0 0 0 0 0 0 0 0 0 0 0 0 0 0 0 0 0 0 0 0 0 0 0 0 0 0 0 0 0 0 0 0 0 0 0 0 0 0
 0 0 0 0 0 0 0 0 0 0 0 0 0 0 0 0 0 0 0 0 0 0 0 0 0 0 0 0 0 0 0 0 0 0 0 0 0 0 0 0 0 0 0 0
 0 0 0 0 0 0 0 0 0 0 0 0 0 0 0 0 0 0 0 0 0 0 0 0 0 0 0 0 0 0 0 0 0 0 0 0 0 0 0 0 0 0 0 0


# name: sideinfo
# type: scalar struct
# ndims: 2
 1 1
# length: 2
# name: wav
# type: scalar struct
# ndims: 2
 1 1
# length: 12
# name: version
# type: scalar
1


# name: filename
# type: sq_string
# elements: 1
# length: 47
Systematic_Cadence-C-Major_Meinard_staccato.wav


# name: dirRel
# type: sq_string
# elements: 1
# length: 9
data_WAV/


# name: size
# type: scalar
93567


# name: duration
# type: scalar
4.243356009070295


# name: energy
# type: scalar
112.3991758907214


# name: fs
# type: scalar
22050


# name: nbits
# type: scalar
16


# name: channels
# type: scalar
1


# name: resampled
# type: scalar
0


# name: monoConverted
# type: scalar
0


# name: monoConvertMode
# type: sq_string
# elements: 1
# length: 4
none




# name: pitch
# type: scalar struct
# ndims: 2
 1 1
# length: 8
# name: version
# type: scalar
1


# name: midiMin
# type: scalar
21


# name: midiMax
# type: scalar
108


# name: winLenSTMSP
# type: scalar
4410


# name: winOvSTMSP
# type: scalar
2205


# name: featureRate
# type: scalar
10


# name: shiftFB
# type: scalar
0


# name: featuresAreTuned
# type: scalar
1






