# Created by Octave 4.2.2, Thu May 31 02:23:44 2018 IST <safwan@stormBreaker>
# name: f_pitch
# type: matrix
# rows: 120
# columns: 23
 0 0 0 0 0 0 0 0 0 0 0 0 0 0 0 0 0 0 0 0 0 0 0
 0 0 0 0 0 0 0 0 0 0 0 0 0 0 0 0 0 0 0 0 0 0 0
 0 0 0 0 0 0 0 0 0 0 0 0 0 0 0 0 0 0 0 0 0 0 0
 0 0 0 0 0 0 0 0 0 0 0 0 0 0 0 0 0 0 0 0 0 0 0
 0 0 0 0 0 0 0 0 0 0 0 0 0 0 0 0 0 0 0 0 0 0 0
 0 0 0 0 0 0 0 0 0 0 0 0 0 0 0 0 0 0 0 0 0 0 0
 0 0 0 0 0 0 0 0 0 0 0 0 0 0 0 0 0 0 0 0 0 0 0
 0 0 0 0 0 0 0 0 0 0 0 0 0 0 0 0 0 0 0 0 0 0 0
 0 0 0 0 0 0 0 0 0 0 0 0 0 0 0 0 0 0 0 0 0 0 0
 0 0 0 0 0 0 0 0 0 0 0 0 0 0 0 0 0 0 0 0 0 0 0
 0 0 0 0 0 0 0 0 0 0 0 0 0 0 0 0 0 0 0 0 0 0 0
 0 0 0 0 0 0 0 0 0 0 0 0 0 0 0 0 0 0 0 0 0 0 0
 0 0 0 0 0 0 0 0 0 0 0 0 0 0 0 0 0 0 0 0 0 0 0
 0 0 0 0 0 0 0 0 0 0 0 0 0 0 0 0 0 0 0 0 0 0 0
 0 0 0 0 0 0 0 0 0 0 0 0 0 0 0 0 0 0 0 0 0 0 0
 0 0 0 0 0 0 0 0 0 0 0 0 0 0 0 0 0 0 0 0 0 0 0
 0 0 0 0 0 0 0 0 0 0 0 0 0 0 0 0 0 0 0 0 0 0 0
 0 0 0 0 0 0 0 0 0 0 0 0 0 0 0 0 0 0 0 0 0 0 0
 0 0 0 0 0 0 0 0 0 0 0 0 0 0 0 0 0 0 0 0 0 0 0
 0 0 0 0 0 0 0 0 0 0 0 0 0 0 0 0 0 0 0 0 0 0 0
 583.7622835500371 1631.214517679953 2378.156893386136 3274.232129953279 4046.233874752914 4695.942671076806 4989.168095122744 5004.590498626907 4718.073972703697 4139.60654169333 3456.106921406958 2603.810710451266 1902.553849640057 1239.128179127613 785.2002035172742 426.4819966659161 222.9032718796776 98.03628986484394 40.87203888557767 13.12682156567898 3.703367171757936 0.6347780268696152 0.07036271562786987
 38.97166198674433 85.23719432056602 168.2523641735346 404.234076646076 787.6758981262293 1244.743212016856 1700.937319382166 2127.403392730509 2470.681650478802 2614.242374855276 2482.065156034414 2118.130029732481 1654.582989894339 1211.377130667481 827.9688045359736 508.4662059886843 271.5511167350497 125.7868252004958 50.23229973692872 17.26893267569627 4.750319322397679 0.8672464936338655 0.08704092117521163
 538.5012579029167 701.4986148631314 202.8854738027322 558.706792875277 2284.43295391054 5373.598853621022 9549.704410311808 14370.80205636988 18802.04449794509 21557.04115498405 21476.01504545747 19199.50396537689 16066.0517571362 12364.0654657382 8563.882101665084 5142.792047155746 2650.395104232961 1240.121207786722 511.8323213996101 176.6684991577651 45.74528370381316 7.318063771187272 0.6265142316435061
 34.44127586449419 210.3728107775369 665.2423998696607 1348.372094177253 2018.17108382693 2377.795238053103 2353.66800624332 2061.266624765488 1626.068994199601 1366.656263975368 1301.716527524401 1430.205460706935 1575.895379721659 1593.768212185095 1434.810968409329 1098.05378017026 735.2731063287844 403.0665912416195 197.7008957704162 72.19247560058027 22.2110973084266 3.846481189498908 0.3962977757119602
 295.7172388914295 987.3278037120233 2040.69645884111 3523.449701416325 5199.201062120648 6633.085070948432 7547.756497774766 7920.329098788799 7798.391284409443 7368.293555729424 6761.708660754597 6038.294396503141 5195.591407480058 4208.179675042485 3132.894801211137 2096.834135279256 1235.792762760699 628.0656237446992 269.1452823453933 94.17157047384451 25.0347176363051 4.258332789489608 0.3587902023319172
 57.07661981723127 343.8761344019981 981.6124385212279 1954.964166946859 3117.500673420366 4292.382688805201 5956.30108456042 8110.03320585548 11399.88509479249 15149.12757111718 18103.69724533092 20134.27045073047 19195.33867607752 16289.95153911405 12704.40662002587 8210.837089515097 4598.231030983236 2290.506553657514 884.1353477480219 284.8447071088857 71.99294421219338 10.15130431770881 0.7676360809391478
 32.53232003492402 80.6843595909468 137.0409265685128 308.608845180574 711.5020981692535 1391.526465574451 2434.860131884573 3897.481166688748 5356.640510168902 6479.923260168263 7210.533762815503 7424.47296272536 6786.453150420884 5427.021870281091 4029.073787355291 2713.203901557784 1531.498347114677 720.5128716288908 291.247806176936 98.7777090193341 24.17655510441278 3.594917561034636 0.2489341625992793
 145.5769540051338 448.2212503922352 965.7383099303855 1820.645578449836 2585.4186680166 2697.925683092485 2227.783934619503 1566.064974735846 1258.496126309961 1943.571738195204 3340.760644478049 4845.156937480538 5942.742169773647 5896.765869081193 4723.19578760229 3211.833139332459 1874.090471470784 879.7207206422617 320.6566900826517 92.12638436107993 20.00380077535725 2.563761863207649 0.1324805619820943
 313.9593374604981 656.9988303819526 769.1017160738891 995.5448682527672 1309.74986569319 1723.530684367304 2157.396007612326 2970.164706133622 4775.526780910995 7767.557716167226 12017.96000520643 16127.73371553732 17865.59350573215 17313.50479811364 14610.76909343844 9943.886055122543 5561.441099514632 2677.846249027306 1029.718451388021 285.7239997961454 58.34802139937899 7.462751685096617 0.3904901549954176
 399.5469624694377 931.7505453857731 1249.451099503428 1712.354713098546 2499.691251322545 3490.983327901733 4140.42011688997 4121.827094398069 3411.725593330671 2154.593923969247 854.6995446930816 180.3058968055877 334.5639174468519 976.5259409951066 1539.914022523134 1638.98343419458 1327.719490858442 838.473019586608 395.2572537686013 135.7105322964926 33.40160163727503 5.204179642729049 0.3217538310274011
 1444.899035185459 4196.744654967663 6935.721256842327 9415.892337767214 11025.27535849906 11132.60817492216 9738.672017603301 7739.036238104773 6379.777581633902 7202.244263617664 10802.86041533277 16053.82666538887 20480.74194267428 22143.00144909247 20553.41151339161 15957.42257430565 9996.437293635994 4992.507745088329 1963.370945637278 604.8470618038926 132.9805771470433 16.8390426946862 0.8222701703204963
 95.80471183505369 299.3791825577431 544.6251856822267 872.7254193281688 1400.203216881013 2309.438342407684 3451.94421834563 4634.050738003512 5994.917477461488 7176.250344644869 8272.439780609255 8905.861990304569 8476.111947900919 7439.972074890463 5742.35771847051 3825.976747278956 2333.172579081644 1228.136415537709 520.6900744726528 179.5782409859722 44.78401485777926 6.044432482576277 0.3630028240546568
 7.116603765429301 77.67493657251597 511.4953325871307 1527.058557186895 2631.138935573803 2809.397608979315 1755.278378988786 652.3547295644008 1263.255583333453 4293.598717022479 8429.929516797522 11415.78889823547 11821.76556537746 9747.512181766177 6502.742545168437 3422.420693771048 1353.666136261546 406.185253598604 89.2355249584084 16.75844949745627 3.897204751030646 0.843502516463282 0.07220114780506939
 177.9375176610277 424.6014216964975 694.5157137420784 1401.424247530987 2262.607956016611 2084.840277022894 879.3608052616181 1551.401865500923 7200.655135485896 16666.41098126608 23250.99347251058 19997.03886575165 9879.92367419459 2605.645275629903 3332.364251197957 8707.117546272215 11948.09126256944 9961.759417550973 5382.236712405113 2022.253799326583 466.9230041992452 55.84929115188999 2.733483456425988
 222.1359032613967 271.8815699122566 273.5114387567039 1668.299630113707 4869.269757705505 7650.935308768832 7665.547927251368 5469.332488779131 4620.962233727601 8453.09798205992 15500.12493062588 22068.20184740958 24708.31716735708 22432.22525952898 18386.58317935257 13688.08575317793 8901.179201738223 5235.720766497562 2436.246630192327 814.723948065833 190.6171907135317 23.0041581367858 1.013151768322955
 20.31977003876284 77.11889672514376 339.8311844165227 1269.677633750356 2831.436916250067 3687.887330533047 2630.591495416941 923.971472844101 1226.218612201621 3752.873621478921 5530.042967190205 4883.46479518566 3477.243724889843 3011.165850282609 3185.566942800418 2961.786741125852 2271.848694589495 1543.396231649833 890.0625336417148 383.1232591736254 106.1897584564435 15.67175625062559 0.7849891077340867
 200.026665965729 870.4739132038208 1972.201319707529 2869.467655460223 2494.001751537112 1038.503062195565 1574.147313350059 7546.974170725261 17593.81119265243 26376.64266128589 29972.94944057111 29607.49595256904 27551.7922598165 23789.47185401077 18251.65498038197 12619.43013238594 9125.738127634228 6890.358837793532 4204.770679744483 1689.088914196176 402.7985214306311 47.93769433311596 1.952595367565766
 152.9193068671314 611.0757451222489 1228.832793912072 1802.455358102378 3142.963652757952 6028.247172611756 8477.734027832417 7091.280936218162 2862.781162752545 4984.637527270909 19675.96514828336 36723.18462124606 40579.64131004076 38579.36550398867 53184.66485093383 77964.36500924062 84525.8932933355 62069.72121736007 29105.87011521057 8445.874936508071 1478.241880406562 117.8734070971287 2.573892433409419
 824.0302069588791 1522.36222677101 926.5850280675405 1693.064944122347 6554.891486833905 11947.48866351877 10078.46185575324 3534.733121166728 3118.01113804679 8505.546023445962 9395.424140914232 4472.881473581013 3152.327950427568 8536.756871353455 13771.99719743413 14223.94154214077 12026.15410331647 9121.19438772879 5503.84952615998 2327.493414556176 602.2226242812635 71.07346072604199 2.580870917058994
 3256.779863359653 10068.63377860161 9272.411349851476 23088.85386049276 110780.2784485426 224119.0347224966 216678.0560363238 98244.05175908023 17650.18619412771 5427.702822468797 6983.62831453001 33385.37351581867 77581.48288455892 82830.48343008279 53048.48914283751 34379.03700062383 30408.97038806383 20425.01138190425 8031.486874175628 2018.771587979138 332.1060589012778 38.72766513566116 1.805969411927162
 1444.3668293551 2391.121959028477 4276.372361189265 30677.10555807189 94171.05174785458 140128.1185534449 101758.9097737808 38929.39854130926 55927.50075630312 97932.11011545052 75023.17045618684 83387.27942481896 227682.2182813443 378330.4171705767 354237.8541038712 194190.7233056856 62448.37333623187 13265.10992860919 3272.652211327162 1295.439433379344 311.2870095915926 27.58733023656623 0.654453575508946
 4445.265683114582 7970.176804599464 4712.106664918175 28329.39524090199 195325.3371037051 517177.9374228417 615616.4847537344 411804.7565956869 447930.0557566591 604146.3474273318 615785.4974624291 1673094.438189084 3920858.615237957 4749394.569581453 3123842.042994881 1202786.479025975 399766.6834111662 228718.5073612862 143422.3697429815 63044.74974163426 16576.15345550991 1862.980314584326 49.72543832589394
 2903.329337226562 13393.67423429978 19554.4864876336 30824.91488544329 127959.0286720793 202294.1349845798 220159.5624139478 385596.7928112532 423169.6130633587 258086.3743361673 475228.6039918648 1578952.84907947 3134704.357765158 3309786.681594256 1661847.230520039 470229.7697387211 433305.1321187732 317024.6841494493 74591.3402533694 19631.59675905717 15831.28781164561 3571.015550325234 138.5156879285047
 3248.540446909247 6656.768642953062 5331.03430294499 7519.934963035555 34249.44030844505 66938.96010672691 56919.39792457491 247497.5390838239 747860.0338923032 864469.8412448888 408559.2131959397 73886.14513073764 37013.11660798496 57260.48285992722 132859.3137483216 329061.4438646485 414388.0283365982 234761.0581366343 51553.6874410055 6480.963975644984 3164.166654293114 634.4135345472882 21.57868424809587
 1693.70395455688 14723.23131545668 23609.03428127985 21237.85721367863 34782.11550821107 36518.0994396291 70820.59515681557 142741.6823631609 767853.2458226702 1780495.955153029 1556285.523534659 508197.5385733819 91664.46387550575 109017.1595411875 341039.2755427425 1513607.478130769 2975352.065760667 2622450.012277727 1062092.159498261 205096.7468224751 34511.86170500443 5843.0085100447 224.7247001680227
 292.7046957608974 376.0875007035708 348.4240718504548 864.8993352303013 859.2226744980554 329.4019313142771 1320.35605503993 8241.819455769572 28531.58228509392 59699.05486055159 57140.37196251573 26535.67292236884 52713.32003918501 94599.90038624837 139686.3213502559 220821.7859802331 195853.7261959335 73221.67519663493 10341.87498768876 3907.391432472799 1660.434613548551 152.5423719541391 1.892442110884338
 575.3411460842392 1582.49427269492 1290.235095863478 1369.449201767818 4647.083016924198 7591.272680308856 20395.48570225449 45930.38957475084 38303.63178578085 35545.14697502644 73359.86500547284 69157.66897889283 38292.8742650719 48886.91999094606 94012.02471034417 86340.95191834995 27001.44235129344 3706.207235644278 3151.75352598818 2098.386572891753 1553.394610055307 388.1545295175131 13.91071565811664
 119.0259076071512 214.2574724320704 228.0610970338174 325.2608313520618 307.6377232014188 923.0579164049121 4294.052077657822 11010.92886696177 13296.92808563159 10681.54641585765 11499.11638284422 9823.616035680065 10564.74473232105 20142.58813721001 52531.75695818594 78855.01678922522 46933.82422289598 8755.909743048112 1486.56464753112 664.0108462377661 229.1655075390516 99.132918685633 4.448630646110656
 790.2156582288981 1202.367870940049 1883.232847090478 2376.343222344348 1203.204240775138 12913.45757969046 30805.75073612168 57450.03318207445 128567.5545862706 106550.2659958111 99409.30073615811 110302.5584350657 35159.3521114752 30252.30215454544 45638.53431149782 33858.30381783213 58530.47615823721 71124.14652583518 25217.42662289655 3879.864258354989 3526.992339742153 842.470850299895 20.07354429993406
 825.6106703140327 1664.05871456426 5559.559979850394 8993.579678362101 53471.51561304549 86302.75968590002 78612.17273638624 61010.67391077236 51688.53191706994 243552.8329408905 486048.800504917 384808.6029005274 165882.3993191774 151184.3958944659 167605.4207274643 126667.6714678153 233374.2670861064 322304.0238186088 162228.0466801558 22560.37661590271 5738.180367710836 2053.550990150727 68.0210157625196
 1523.77655773049 3391.960132961703 3019.6102389461 9624.730160354618 27096.40908235814 165507.5846769985 300536.2851719278 269873.4052455923 242341.7690276078 579619.0193449564 1665647.862162459 1857040.148716095 772349.6687209122 292575.9344951552 200241.1349914371 77914.87937048238 92756.04176416094 100257.7032077727 114970.5677406563 83143.77177382066 20425.3603776527 2153.905039940664 194.5563282815034
 2938.23161315589 7033.329388539411 14311.79333376754 33220.00855294627 57006.36074456719 107316.7744227854 138650.3728209319 78669.21998890485 53217.81794294238 1142857.509859051 2593829.550383663 2200790.899674481 1285329.30570028 667781.430441402 124119.6352222942 73223.26412117112 189514.0347829444 294873.4954310859 159783.3633390105 29428.34601618872 18058.82378537306 1827.838197959511 262.826425589003
 4455.45826033963 9305.652143060919 17018.38931126465 41337.74734496025 76740.09420404387 128138.0272743337 156456.1017937643 181970.202057008 164760.3379667434 481207.9334783977 631194.157876418 1041483.566481185 2563765.018642407 2126025.226050789 816569.7321673038 1205463.38585587 2997747.095181791 3478452.595933727 2060967.525427314 1092110.926406281 534366.5100770071 254017.0070239756 15471.84914118541
 15450.02961967999 29035.7544746376 33455.10448505242 72295.17442974547 240844.3178208201 406834.8901987623 428140.7279572407 466188.1301951059 612982.5397090579 2159468.888304597 10619386.59441924 17053392.24240984 17375576.77508545 12068807.99781186 3222036.500895849 1030564.151844732 1862163.752982764 2632313.179555141 1730537.165312589 312273.8278258183 106894.0620750296 18316.09805945908 2022.764746908454
 1896.048701354446 3149.714305515324 5040.291268900634 5563.958818716755 25103.49092199748 133245.077151076 196917.2438450162 358570.0145208847 752389.1348073913 1740624.914654232 2723753.668968871 1958587.823129299 733438.5443649063 418971.5585595862 342789.5070244874 200247.3331286176 103500.9943207417 167707.8624182512 141225.4081805843 52924.2530182897 15708.94337279349 2226.289286859248 55.5232142824428
 791.5174558963171 2089.427359691498 4230.547073092011 7313.798589752259 17572.59218229022 48000.85823410444 85464.00309910122 530147.8797472513 2492425.015978358 2490678.149778374 1440938.142296884 1175918.92334526 392421.1937799319 416557.2828097903 295224.7983940839 90509.54071772897 81359.49391469279 83784.69941937471 38171.01703854783 5088.150046228485 1884.437457461219 433.4860557482913 39.43743296529234
 10164.13964306322 28557.04381108106 48746.25906546092 92922.41752582545 308186.6712283234 769310.7807039965 634063.6250135154 1362474.022401686 47593196.46855102 159900432.4823573 120668343.0949129 7484880.418251775 999512.646241586 1077409.16350713 752288.1716919013 356512.1034410165 330675.7322200479 313198.8994336172 53672.94389686532 21832.33385201769 11906.5184263708 3310.469473625612 83.86386788471036
 1094.062625334381 4250.012211616558 7583.672824194782 12487.06579839414 77541.04698059311 191466.2682726808 207363.8444259008 286985.6010657682 762817.2387653583 4232091.751135105 4150553.849499172 725753.0364184577 295516.7172964176 92498.89055961123 232141.0997620671 317482.6383271635 308794.7506485689 285014.2146753364 109626.54233709 8281.437105533285 6406.185973333421 3246.599644222715 118.5040758585845
 801.4022843710608 3477.82175003512 4343.720608050275 9049.94049292646 173529.0378895182 248779.0821815027 310705.9558855387 539403.46744833 2496072.097749859 2457786.99977503 456396.2085141163 235402.8815367862 70462.32253771489 103203.2985321994 117074.6115108429 56608.86190466739 273415.5315890648 422674.5676329673 190205.7685017813 21011.68211793344 9415.315921308669 5173.441031407021 150.0714116177204
 0.4557582816831895 1.83453679386572 4.835173496525575 20.74528869321287 268.6556742789286 2733.61652244207 4556.314473179676 3207.03656342311 1349.870091590582 229.4339523981227 22.57375471715658 12.81484402757996 4.328904713205148 10.82384708572972 13.48687581552828 7.508189283403191 6.971033301059972 4.9182284120144 1.663051252882079 0.4738846737975795 0.06970172160427246 0.02225575238093887 0.003620636452783898
 0.1016045719395296 0.3863069052976791 1.154081987096095 2.543791597493697 65.45641125903066 380.0986606497858 359.9447285830697 127.7723729857886 101.954465114178 24.12709588267815 45.54920649507677 54.06461164308837 40.95468702718884 51.72312694645133 38.44500248989093 40.66543859211372 67.69274033503466 118.3787450675305 80.05819712140537 2.151909994423753 0.9241562283664775 0.3352882927152823 0.01206734508902842
 0.1594610001050664 0.5201457871801739 1.170784373068979 3.2914148134363 8.759519237055505 50.50581929450003 587.5987893555697 4068.719780708893 5992.591577389474 2878.189556382334 451.6638002893637 49.28360833285778 18.14674618462561 20.75796700919781 17.53559338756772 22.17303562279112 27.9078871384595 15.15954650960636 3.406507592205585 0.5043059064713071 0.2307263521965008 0.07527795012142387 0.009066017688894371
 0.08205612791089667 0.2345417170332293 0.5517284900369777 1.49594148672959 5.291820547342867 20.20557290937636 98.06024231130678 95.65295854013991 111.3921541524501 158.7319825233732 67.1245856775563 18.67964980859434 16.71740734507415 6.891924523681629 8.8866688401795 22.37766591916518 25.15359102588907 18.05155209387907 9.115194591255472 0.1109946001174621 0.06721802999631361 0.01112283515147878 0.001239818243014256
 0.06351705073210508 0.1641458240231225 0.3695946795290292 1.499917299487187 3.623437845502424 8.625002315169736 43.53244420207878 64.10059454701309 1312.000586385306 5223.465805349714 5982.022861698148 2086.176301715169 64.43001598348457 32.20603877503285 25.59003229482241 38.81578951456098 32.4940062535003 13.89791430262538 4.999973646327666 0.2389961694393301 0.08496987142729083 0.02113381046129331 0.0001997118236357877
 0.02202495957629407 0.06439229009688538 0.1945244333037274 0.3959893951118854 2.316160190808679 9.140589903134423 20.51274366276792 47.11591233469993 83.5175036807491 206.6427910833347 5423.031354334591 14633.78054735868 11896.44209656795 2637.808193839891 123.9971389849921 24.72053161395225 21.72512384676503 29.45175502221804 18.75623942216521 1.635674546712683 0.4120700472554562 0.1977193677328518 0.02711662461817262
 0.01116427167760528 0.03993120326238441 0.09556860419120491 0.2271716486058056 2.829700392922797 4.621566162261134 7.567426218531751 12.206734368636 80.25612499867371 117.7197194328249 253.8166738687308 408.1978013067674 298.7134537764265 120.8290706154488 31.92308119963886 15.16072554640692 10.71825844193017 9.065102772930512 2.623038201184928 0.6365000459830314 0.1827831407881166 0.04384990604430786 0.01089989447456164
 0.004059942378499943 0.01695720756890809 0.03658009569353187 0.09853864045622877 1.050100700112171 4.566394328479854 12.69774510683605 12.01264883990828 36.83238492429378 125.7621946737341 244.117677137423 4284.480925957396 9804.823668293962 9786.52868626198 7905.663498674146 3843.441186079126 132.9431409733567 86.18315447836733 6.495738104168652 1.75832086454575 0.2155714346421328 0.03287958726559416 0.001721531827803364
 0.005824290546123699 0.01269792069195423 0.04872362276860726 0.1214490901614983 2.235471715803612 5.861014119857034 12.74853988702054 12.08801612595239 17.94300420339268 20.07062745232806 32.27603740766797 250.680120252996 285.6136856767731 281.8741360222539 247.5169292516573 44.38518818119208 23.24934078748714 13.48634257251665 7.101725077375448 0.1763595964522517 0.04040214318663572 0.03621342466922039 0.01248069539128753
 0.003557213723453156 0.008536224949050077 0.02356738178521869 0.07307639509979526 3.351868444398975 8.476839151386296 14.05997509633881 16.92313536327786 16.47546621307218 17.80006214307319 29.40836434261811 67.74019099764723 108.8806598586278 4456.496686928093 12753.92355306552 12565.06353373273 4368.31843026464 170.9894380646408 13.09622963254573 4.576216364809521 0.7865725469768186 0.184190703923582 0.003662009414499634
 0.01824327831390894 0.0352444514785907 0.08050885568350594 0.1877750330971184 2.439109830341013 11.12898697704366 11.71755606916335 10.00424690799998 8.941310317049004 5.182806771026469 10.83136158332891 16.93564471871084 15.43110928583363 78.07046627523729 100.939864303856 104.3173336959623 91.91926219217152 33.19377204783127 19.38302215825418 3.299465924044229 0.7793473526921237 0.1336776008483964 0.008725176592924102
 0.005822755776084326 0.04507203922090985 0.1749471802509107 0.6886190944369048 13.96785966860095 25.47238795691696 18.36133050361811 19.57850101574974 18.29983417599127 8.42903278907712 8.872349648422793 16.30438081902602 40.80879863920751 74.68514745908215 1894.724663377417 20190.28595133512 23529.55638526222 7329.871928672891 2236.797934755834 116.339508714595 24.89600692052349 5.014876165662926 0.2494731738696377
 0.01727033564777913 0.121883686241479 0.5200444826654913 4.526285996380953 194.0931543349785 4436.838090792681 7775.549828764806 4401.672445823531 901.2008254083621 34.97399268303813 23.57837364212863 35.86248697886657 25.33499497658303 28.97994613512536 248.7731222508435 491.6907491548633 2013.066341488588 37114.7043949092 64599.99634528361 43657.90937200558 21931.80437627407 8333.730023332226 827.074994255632
 0.0008352435024920886 0.008175011153934526 0.03440616130448602 0.1693710909201101 6.318031707345439 11.04053140940661 22.54812854067247 29.0807243871767 23.10883257890214 15.90177482767397 24.80139717968526 27.96432097453373 21.96491145052024 37.801930908099 31.48126046743692 27.64002474771265 103.2898324143472 127.8990999468735 51.18403119320342 9.033284550379889 4.275571399142098 4.132904926793927 1.664904444661805
 0.003123171380271926 0.01304878038991096 0.08054788523422887 0.411478101245971 2.881865964499518 8.470752808398899 1580.716096870662 10273.90036136018 14722.74904640792 6616.620043641349 638.4942999656037 55.71590975963829 13.40391101943054 6.851836922228928 13.4108704941091 39.44169341519683 139.7889000624493 158.1605047651544 49.31563102335433 1.427690005043835 0.4582491269648427 0.556128625651053 0.266906192881347
 0.003144811447015618 0.007577471439551691 0.02193532027347933 0.1365633634421045 1.606195088049309 3.381617820218549 104.3417023859765 123.6002872885533 235.3978217946982 246.7621127868572 120.7019072823249 111.1860775208227 26.63450667294216 14.38828928243419 18.16112706331511 26.91909856079518 78.16693977481451 93.91649782177001 36.69555113196829 1.63788334557799 0.2568845402972169 0.08990215201838374 0.03819154782259692
 0.002053436504206729 0.003031385386810639 0.001732125790609724 0.005692918062833873 0.3828636799770269 0.5921358335951052 13.66747595621356 37.54020776926962 7294.695467154089 18670.23952314896 11931.82169025762 547.884392643984 21.65018331139708 10.66581691529481 20.81875764971791 23.71572956639346 39.50550582309332 38.90510644311991 7.360692203776747 0.3840518452387413 0.05368699182066963 0.04419268455321915 0.01977256388782015
 0.001876127279142359 0.002442169888519888 0.001820778605996757 0.00704250222001503 0.08609994152952824 0.3170062276178342 1.066679890495931 3.553486541577309 28.27780421418219 61.93945957323849 1431.651971960472 3342.762249911879 2602.802789439907 669.7568311183569 14.93591109626961 1.283349535455669 1.553408346584776 1.721073315792155 1.079014704578189 0.1275854725485135 0.0162191047847642 0.005852677953305502 0.002783441831831259
 0.002282719642007231 0.005996209272921625 0.007691051764962356 0.02128634607492782 0.4898177077797657 0.8979081999417836 0.7903628752666632 0.7726071405849113 3.398184768978346 7.625912385025185 22.4990192176191 25.46536870678614 12.08478130393059 8.336461483932057 5.01381187731555 2.819513982337614 3.88531163055105 3.811342600295476 1.707443742350674 0.1348403509896766 0.02565719036194262 0.01584606250819578 0.002719382188187291
 0.001891734862025894 0.007730312990309444 0.0229590058398206 0.2356702594446128 33.19914020097399 179.2929828754654 219.7146989936333 81.37572659950243 11.0295524302421 3.586091007702218 2.690291249267958 64.10336116000342 1620.004773986697 2301.42060622496 862.408649389997 121.4900002989288 5.609926154118488 3.469753980744594 0.3384792752435037 0.04499250761656264 0.0104644268616302 0.005322669924542471 0.001411049543772274
 0.002757873946398982 0.004212292956716128 0.008260396656278701 0.09230554843704086 4.744739297882764 6.268673286283162 8.281375640937172 8.205139959573458 1.924741046147237 0.5946654992949272 7.025859326106826 16.82796899148987 11.49258486305348 18.48836331907482 18.67450618467914 4.0687132286593 7.357944980267938 6.978586905628887 2.098110043895043 0.08800523194217034 0.01160990373348216 0.009059967596044523 0.003204673630618854
 0.0007535080387926532 0.002435220307698096 0.00308685834606931 0.009670519193086919 0.3910145200288923 0.71072241703082 48.01985972544137 515.1758714153982 826.7607794520403 417.0391198883362 59.83310907049425 3.466638915838772 2.319127793811479 306.7356647375814 815.9061905225062 689.2927606511425 187.5676271775477 12.36949028141787 4.041670706720792 0.04740906670038753 0.01081640244504666 0.004946801674722015 0.000694177201115354
 0.00300496526362855 0.003908284140917808 0.001688284521972582 0.004107583969623899 0.2960495369577679 0.5507242278209133 5.186689865327223 6.087382277829193 8.368960846365677 8.022893874629112 2.99607526539035 2.944154783892169 0.8972165989868295 3.817891216563847 9.330269655393034 13.63295658788354 12.36960832930879 6.511187147615757 2.255493414494507 0.1379585123193965 0.01431779968036599 0.008560744092037073 0.002350679066322802
 0.00253174299221132 0.003458344102750767 0.002376652856117198 0.003143736075204023 0.1247535971763316 0.2140409055204888 0.9634093690984262 1.275378352245621 40.58916701530593 241.1139084089142 252.951156650356 53.53214253066692 1.67689251724806 0.6733427015191966 20.56584304076694 359.6604428173389 605.6515625135009 353.6689462766527 92.56974810060667 5.079298515637273 0.1660768385335656 0.05450203376522283 0.01508658399724861
 0.007502438285500161 0.009397759060580812 0.004747536699903275 0.03084929198448748 9.608379038880978 51.6166143479012 81.08344750373715 42.39104199649064 21.19410381550494 22.43536981762461 689.7674920772671 1330.040015337003 722.5151495136616 78.15548158746915 3.897738519683119 5.982249642385752 94.51848960327935 652.3517846931867 813.9712084956743 443.5108627062198 348.426999096102 164.321228544769 5.849638085319894
 0.002545492159153758 0.003963398146678209 0.002578607685029834 0.00561854357117059 0.2807357806488393 0.3575677098829574 2.508002766555244 2.837291275951773 2.189209481375103 2.001635764425626 5.044411691267893 5.955654732125031 1.429498888948985 0.4512898519409323 0.2584549478281394 0.4672842385379897 1.199193785798143 2.316638976755483 1.536421633002794 0.05955372132286747 0.07188773584500369 0.08848715070589859 0.02204455225208046
 0.003395669672998188 0.006094681856368025 0.006032254758825017 0.01246556610183993 1.016179787556789 1.315105368955075 35.22885423524563 317.7669457314915 448.1656143235423 191.7757063119057 91.39350382073728 291.0863403948164 297.7093140751976 107.9911057852594 47.64364291672284 16.17115251551078 14.84653045303437 12.99378462113481 3.39826165751699 0.3262995949084785 0.1020705949703402 0.08560962446093354 0.01721040744504147
 0.002851967962241627 0.00468645115562419 0.003964954766355533 0.003853409437310263 0.2226855309848692 0.3393153373346647 0.3437581935671899 0.4261392918886663 0.5750785994375948 0.5885884806435118 2.005047406260538 10.23785194322899 11.85071723039441 13.18670213916894 16.62854326866654 9.423268131929872 4.291021769532565 2.216578666360185 0.5259396248030545 0.02847623728820624 0.01625286614759078 0.01680732282844907 0.006405998741475474
 0.0006933587116226174 0.004185781815950713 0.005073623142208936 0.004731932312263236 0.4897093491509444 1.624799730897151 3.583901413487156 3.641043148837305 188.506953720634 428.6727163296248 248.7494930599806 7.903903302672971 1.419393990754856 238.9538131376756 461.6482435557652 246.099944370946 25.21308381152587 3.2153798262623 0.5511209061682787 0.05286855909365941 0.01536101619150902 0.01446386565742928 0.004822180283572839
 0.0114110957681781 0.0139713689381731 0.006027892988016271 0.007113728959143068 0.03908023636754282 0.1313024074040841 1.950898503904547 12.89077026740451 16.75181729133379 10.90464722553967 151.595836443247 199.6110853064803 57.29000213131545 9.040142680019157 7.203301714436156 10.66967288549555 32.78137529447116 27.71050972983744 3.36220265836171 0.01798732710570912 0.02040650383664388 0.0234580193193845 0.00830118047262929
 0.004429846211823019 0.006842663216391423 0.003997798746654132 0.004508290204540697 0.2989267708203509 0.7527665287190761 12.54030934766514 78.36360644861364 113.1685082042048 57.73721465782256 17.0035544206514 8.332847186742068 2.702220043378009 1.545425743217262 29.74489396471998 499.7261715915064 591.3696240677926 136.3963463913168 16.40581874166502 0.4669060326651311 0.1300304188891964 0.0873062891644885 0.04762819844342653
 0.009093931815859716 0.01126355372782003 0.00366432109901087 0.006390737140467943 0.8779924499654933 11.64593064310143 16.87787184762156 7.183194352573253 1.774723527641136 0.9235989692252853 14.47815180893399 94.84898267495304 260.5455015466538 287.9346463081856 111.7440296913154 4.810953883604566 171.4709567003357 704.9531338873577 648.5949927592726 133.112832863322 24.12954076133276 5.368039135171816 0.2924476623760977
 0.0094666986739286 0.01320272658163064 0.005541949502308772 0.003076495768434735 0.2184544629634199 0.2619012616825206 0.1582222445868857 0.2419201894747501 130.6912735037222 186.1077936532811 76.72646192289236 23.31015664710328 2.898746089461253 1.861392336213321 1.609037994516254 0.9402276852546161 4.640772010650865 4.676612319495591 0.4699737271763483 0.01402067018847957 0.01776789293203427 0.02536863725102015 0.009954125217017591
 0.007266873494631928 0.009729992841738214 0.003739633732719957 0.003150236181572175 0.06425669176094978 0.1998879218788546 12.82394110544163 68.56459960601302 121.657686769602 105.1102808182823 50.636098162973 24.23540325144963 15.79441969464165 131.8101266946263 242.0209941410684 127.5856764556105 35.67917635135552 79.12165951688608 82.58618417096471 29.34057861838799 5.267717655468972 0.8659342519610447 0.3055461136146759
 0.006229805481255958 0.007587946808685167 0.0044915011280959 0.01259559051466386 3.759498027277479 28.98770097062646 39.47771749794676 14.62455289997249 0.7033440307490342 0.3761964275715279 0.7305089364353341 1.547553604490073 1.16119460121093 2.385340678893621 2.650106279534321 1.026619013327475 0.6307791181156847 0.3061978515784631 0.166560735526141 0.02082030686840545 0.01414176945757479 0.01202912498137335 0.002622112770613874
 0.007137423888117472 0.009406102726709945 0.004309610571735353 0.005250024318605237 0.0638842339694404 0.1035728966889541 0.180631149640458 0.316790093309144 102.2786712003449 172.8672320910872 82.58545968073432 19.475978252935 36.62032133963288 45.11142099324589 20.40474633904907 30.24532283268776 37.86541188888799 15.39089217768568 3.745425653438748 0.3185229987992625 0.1184806403642529 0.03873778545619046 0.008647088418733195
 5.465744180018857e-07 6.994461095435264e-07 2.100241207368357e-07 1.241742518714447e-07 0.0001614574376210146 0.001061689077786332 0.002072811905843394 0.002663066649694199 0.002158279088502307 0.000776353391682253 0.01411748379415097 0.02179631454925201 0.008182790358294398 0.0004889419219960044 0.0001309476710168045 0.000121922473293467 0.001336165894412992 0.008420193633636283 0.008724426084671132 0.002912471061205844 0.002889526973170894 0.00181452081649397 0.000288851822969951
 3.165010587938198e-07 3.845151850336075e-07 1.368692811875769e-07 1.218763604578707e-07 4.95143251234828e-06 6.872810331395617e-06 1.127874174438624e-05 1.150210613753527e-05 4.624001091127577e-05 4.897481260278298e-05 4.398875288744888e-05 5.412285689183977e-05 2.059786284851477e-05 0.003637914411564516 0.006042354077461087 0.00254665651020502 0.0001621590642571072 2.974080558818134e-05 6.34443057351709e-06 1.382820506767843e-06 1.203372287673501e-06 8.177287086551471e-07 2.662686917669211e-07
 2.952222761360829e-07 3.695004446809504e-07 1.283116152082707e-07 1.329463724725894e-07 1.213089444391769e-05 3.045806908856772e-05 0.0004245841019368822 0.001403578618320343 0.009480287107914608 0.0141324321463447 0.006132695018357491 0.002511853267137112 0.008814923763470997 0.00882013433265205 0.002076910300429116 6.971988961138413e-05 3.410921765666566e-05 1.534470048500923e-05 2.027359792055927e-06 2.801653619412947e-07 2.833134509109033e-07 1.863699984862423e-07 5.719446544999899e-08
 2.979981249546912e-07 3.553010111025699e-07 1.087235063366258e-07 1.272537476616995e-07 4.363721366835608e-07 1.450952319565764e-06 1.986175604638992e-05 2.146076707566969e-05 8.638234647289867e-06 7.850153721353595e-06 0.0003135800517914159 0.0005663904015548277 0.0002894588936932194 5.008687645814334e-05 3.604733055367221e-05 0.002846208253056873 0.003584384345686746 0.0008830779425529755 0.0001243078750317143 3.798698631026155e-06 5.338939170010286e-06 3.062279607043038e-06 5.382705278069136e-07
 8.642656084504675e-08 1.371725629648018e-07 1.647093226851389e-07 1.99929197175485e-07 4.684915779322768e-06 2.035019307914951e-05 3.404219298177687e-05 5.460831478847847e-05 0.0004868127016345776 0.001420148209645221 0.001149868252686834 0.0001978223203335157 2.180975549456714e-05 0.0005485100320314051 0.002629063694675369 0.002573846478689622 0.00215633870661918 0.007922770358459296 0.008947519312085688 0.003164844958073356 0.0004895458520412308 3.961931427990294e-05 2.522979419363932e-05
 1.754107460193615e-07 2.628957781646202e-07 1.582015453283501e-07 1.794080269220315e-07 3.425080977063361e-07 4.307521592780682e-07 4.439672712225905e-06 5.797043364200745e-06 2.331941184479273e-05 3.81890151484518e-05 0.001078464675847506 0.002336125352345204 0.004134188277030807 0.003444006635297402 0.0006270705100180517 5.038985875843879e-05 1.086821297625634e-05 6.659427303614574e-06 3.120909686374315e-06 3.353082639594242e-07 3.718802754299212e-07 3.534426238425241e-07 1.099633263107523e-07
 4.820865651494765e-07 5.746536783658652e-07 1.754610784445382e-07 1.76673475716585e-07 1.066785226227497e-05 7.486414164055431e-05 0.0005271110440851462 0.00159203670207767 0.001576421931585862 0.0005421452861691147 0.0001791796763198467 0.0001027642459489988 2.129921353513445e-05 2.236634194929268e-05 0.0001288661111433822 0.001338906751258471 0.003960241880690076 0.003442477627184653 0.0007151490625897433 2.187103981847778e-06 7.087222171874047e-07 7.445470289045116e-07 2.355119772122897e-07
 7.731703283427453e-07 9.313500165988188e-07 2.809332413815942e-07 2.270757947785466e-07 3.392830671212103e-06 4.984240910597145e-06 2.192833520539111e-06 7.253063224766425e-07 1.764426910671089e-05 5.031827985184333e-05 0.00061063738043363 0.0007027920056802632 0.0001990636283580532 0.0005822747308362116 0.0008301525543656913 0.0003537429510335402 0.0002911601622822783 0.000322327958398646 6.766900179787366e-05 6.656654265379367e-06 2.7068817553012e-06 1.95112165267562e-06 3.484087369733347e-07
 6.586718480238489e-07 7.638430399106997e-07 2.367152557330691e-07 2.640651718743893e-07 7.37948521029546e-07 8.81607455483959e-07 1.497006955569653e-05 2.881687070027481e-05 0.0004248927781317658 0.0006043971672768352 0.0002528978066154081 6.779878503129739e-05 1.133772575360365e-05 1.288996976438751e-05 2.202502102331977e-05 1.693118332739228e-05 2.043215743029192e-05 1.872827261041094e-05 4.024767043192077e-06 2.916537044502177e-07 5.721950863630182e-07 8.16571124194526e-07 3.446157706373924e-07
 4.860102552271158e-07 5.846385951523151e-07 2.210723114888819e-07 2.056840435843662e-07 9.859595900370244e-06 2.042138513333422e-05 1.873350632296536e-05 9.537877223337288e-06 2.813859621884991e-06 4.336815567996771e-06 0.000624944576381021 0.001007904402876577 0.0004014959313851977 0.0001208151900479363 0.0002977926942765595 0.004382631347483595 0.004588032931307588 0.0004402312198677224 4.321482854457182e-05 9.628087085986339e-07 4.669698664430794e-07 4.270402965517283e-07 2.185415901534713e-07
 1.72521876860745e-07 2.642196488008796e-07 1.780065640303936e-07 2.431385336825817e-07 3.566936625230384e-06 1.142011818589325e-05 1.005397700034255e-05 2.692083562429522e-06 1.255193326596301e-05 1.681979843293518e-05 1.551975685458268e-05 3.118068458464353e-05 2.343490633659213e-05 1.276326322937766e-05 1.07986076277578e-05 3.485746339953411e-06 4.143172818147679e-05 0.0001427873672553353 0.0001398217230553563 6.156081993899104e-05 3.494494508028865e-05 1.191348811600099e-05 2.716267088146972e-06
 2.461222579298235e-07 3.642938307959368e-07 2.808570717461152e-07 3.111816431897801e-07 5.114447489843911e-07 5.701889493070664e-07 2.433188354956151e-05 4.904790416495437e-05 3.783780298694213e-05 1.484382930144161e-05 2.312878690241659e-05 3.392832990500612e-05 1.452875172510065e-05 1.093364465429678e-05 1.977558986520621e-05 1.674142852336644e-05 7.90243577643414e-06 2.510203189155237e-06 1.026639329320245e-06 4.441430765446733e-07 5.002221343329144e-07 3.88897798128728e-07 9.108446160349123e-08
 3.837933720547865e-07 5.104292354342555e-07 2.979152259878575e-07 2.635357474411814e-07 2.792516280508366e-07 3.57249542955111e-07 2.605251203776637e-05 4.963019563246321e-05 3.964874522622595e-05 1.741170601808558e-05 5.784765480090446e-06 8.244477437113457e-06 4.546451923508204e-06 3.861342937910784e-05 4.297566712697941e-05 8.453785511652514e-06 4.647960258075326e-06 1.894551701448425e-06 9.633516419048067e-07 4.413451809743967e-07 4.401549738879808e-07 3.650464352333668e-07 1.749478502836271e-07
 0 0 0 0 0 0 0 0 0 0 0 0 0 0 0 0 0 0 0 0 0 0 0
 0 0 0 0 0 0 0 0 0 0 0 0 0 0 0 0 0 0 0 0 0 0 0
 0 0 0 0 0 0 0 0 0 0 0 0 0 0 0 0 0 0 0 0 0 0 0
 0 0 0 0 0 0 0 0 0 0 0 0 0 0 0 0 0 0 0 0 0 0 0
 0 0 0 0 0 0 0 0 0 0 0 0 0 0 0 0 0 0 0 0 0 0 0
 0 0 0 0 0 0 0 0 0 0 0 0 0 0 0 0 0 0 0 0 0 0 0
 0 0 0 0 0 0 0 0 0 0 0 0 0 0 0 0 0 0 0 0 0 0 0
 0 0 0 0 0 0 0 0 0 0 0 0 0 0 0 0 0 0 0 0 0 0 0
 0 0 0 0 0 0 0 0 0 0 0 0 0 0 0 0 0 0 0 0 0 0 0
 0 0 0 0 0 0 0 0 0 0 0 0 0 0 0 0 0 0 0 0 0 0 0
 0 0 0 0 0 0 0 0 0 0 0 0 0 0 0 0 0 0 0 0 0 0 0
 0 0 0 0 0 0 0 0 0 0 0 0 0 0 0 0 0 0 0 0 0 0 0


# name: sideinfo
# type: scalar struct
# ndims: 2
 1 1
# length: 2
# name: wav
# type: scalar struct
# ndims: 2
 1 1
# length: 12
# name: version
# type: scalar
1


# name: filename
# type: sq_string
# elements: 1
# length: 41
Systematic_Scale-C-Major_Meinard_fast.wav


# name: dirRel
# type: sq_string
# elements: 1
# length: 9
data_WAV/


# name: size
# type: scalar
48159


# name: duration
# type: scalar
2.184036281179139


# name: energy
# type: scalar
35.02130948100239


# name: fs
# type: scalar
22050


# name: nbits
# type: scalar
16


# name: channels
# type: scalar
1


# name: resampled
# type: scalar
0


# name: monoConverted
# type: scalar
0


# name: monoConvertMode
# type: sq_string
# elements: 1
# length: 4
none




# name: pitch
# type: scalar struct
# ndims: 2
 1 1
# length: 8
# name: version
# type: scalar
1


# name: midiMin
# type: scalar
21


# name: midiMax
# type: scalar
108


# name: winLenSTMSP
# type: scalar
4410


# name: winOvSTMSP
# type: scalar
2205


# name: featureRate
# type: scalar
10


# name: shiftFB
# type: scalar
0


# name: featuresAreTuned
# type: scalar
1






