  0.01909442
 -0.22253314
 -0.52017318
 -0.00957430
 -0.20126063
  0.06488964
  0.26831863
  0.14496088
 -0.04315801
  0.26210422
 -0.13995215
  0.11476764
 -0.01804674
  0.25292324
 -0.32497658
 -0.02068797
  0.33042624
  0.03530662
  0.13470453
  0.14829971
  0.32133201
  0.46595052
  0.15328529
 -0.28542253
 -0.25099691
 -0.12357178
 -0.37024212
  0.01604251
 -0.23795794
 -0.10421741
 -0.28581193
 -0.10229280
 -0.47170896
 -0.00796991
  0.02234826
 -1.82731514
  2.23835972
 -1.59803246
  1.30669196
 -0.40005213
  1.56249505
  2.06785021
 -1.34193117
  0.24416220
  0.55630268
  0.48503368
  3.36808339
 -1.83958132
 -1.47103462
  2.21000854
 -0.28120451
  0.15696703
  2.43580328
 -0.17390307
  0.74513894
  2.74811371
  0.66093385
  3.45587369
  0.09871326
  0.33384759
 -0.58435613
 -2.11509530
  0.23091931
  1.40918002
  0.36667843
 -5.24127332
 -0.98636013
  0.52169690
 -2.00930322
 -0.55158556
  0.42350012
 -0.19014160
  0.82385464
  0.67165859
 -0.42268927
 -0.44018341
 -1.28082986
 -0.43227531
  0.59824494
  0.48574588
  0.23417042
 -2.00154893
  1.06675675
  2.40443599
 -1.35844521
  1.09653101
 -0.36012873
 -1.67120175
 -1.18148545
  0.12446043
 -3.39182863
 -1.77139777
 -2.48208629
 -0.05037385
 -0.35250772
  2.55037937
  2.36367306
  0.71654139
 -1.52011882
 -0.03702252
  3.03447137
  2.26034295
 -1.54712662
  0.51101135
  0.88193069
  2.26270476
 -0.41823251
  0.85160355
 -4.04068387
  2.70578624
 -2.86834619
 -0.07041287
  0.02779855
 -0.17951584
 -0.50272540
 -0.73731963
  0.05126994
  3.13823496
 -0.99558952
  3.92864704
  0.51581799
  0.81363108
  0.22781196
  0.43334475
 -0.18742716
 -0.44248633
  1.99404361
 -0.67993964
 -0.37708790
  0.59797566
  0.24808502
  0.35918354
 -0.11908075
  3.81007162
 -0.06420525
  1.98458579
 -1.98721964
 -0.28830835
 -0.02242544
 -0.27468324
  0.00446105
 -0.30411891
  0.07792616
 -0.17141065
 -0.07823423
  0.02268941
 -0.09757583
  0.24172190
 -0.16302378
 -0.31712137
 -0.28134256
 -0.29163828
 -0.28999778
  0.04750410
 -0.41719016
 -0.30546559
 -0.05909180
 -0.11408251
  0.19405438
 -0.03064258
 -0.08916328
  0.07530893
  0.03193013
 -0.05711627
 -0.05563691
 -0.40687197
 -0.13683989
 -0.10141080
 -0.23512729
 -0.08182007
 -0.07745525
 -0.08203402
  0.29245092
  0.23945958
 -0.20589896
 -0.25486153
  0.22391739
  0.51867349
  0.52362821
 -4.98087294
  1.66093713
 -1.18963814
 -0.18216537
  0.31987915
  0.03585827
  1.48633065
 -0.50086061
 -2.50172865
 -0.87853639
 -1.32642146
 -0.32820136
 -0.86835273
  0.74942621
 -0.02021555
 -0.97093801
 -0.06862538
 -0.89712758
  1.52048808
  2.06635568
 -1.99517410
 -3.42723404
  0.95610510
 -3.76721461
 -0.50945729
  3.00835965
 -0.51025766
  1.04950338
  0.47181138
  2.31455668
  0.09109835
 -0.72397401
  0.30515892
 -1.47004411
  0.90340027
  2.89913095
  1.55364029
  1.79762531
  2.94826689
 -0.16962466
  1.57252331
 -1.39004239
 -0.53901017
 -0.73412933
  2.28319317
 -2.10313231
  0.95749772
  1.99977312
 -1.75911581
 -2.10794093
  0.16134969
  1.10487957
 -1.07333359
  0.68498404
 -0.53949378
 -1.26876925
 -0.09004232
 -3.30947965
  3.40691932
 -2.43306451
 -4.38123825
 -0.00262965
  0.37894033
  0.64334312
 -0.44254230
  0.71174721
 -1.26241937
 -0.37280029
  1.16171254
  0.74034359
 -0.50985628
 -1.81545360
  0.19876643
 -2.38786307
  0.60168399
 -1.14941960
 -0.31708400
  1.36344623
 -0.59663822
 -0.01789165
 -0.49209741
 -1.07360137
 -1.77512826
  1.32233340
  2.50268818
  0.97614077
 -2.54660416
  1.25145528
 -2.27036603
 -1.87324249
  3.50371475
  2.53509073
  0.93432733
  0.60614425
 -0.26311215
  1.60697743
 -0.60484196
 -0.07783457
 -0.12767952
 -1.72443787
  0.02645449
  1.95737996
  0.62438630
 -3.21356947
  1.80785521
  0.86499351
 -0.57198176
 -0.41782107
 -0.78850024
 -4.34978114
  1.78194203
  1.96064756
 -0.10605175
  0.36910206
 -2.49069683
  2.83496873
 -0.70864049
  3.37649223
 -0.47035528
 -1.04297396
  2.86236578
  3.80151141
  0.76370918
 -1.17534129
 -1.61296952
 -0.38337516
  0.95175092
  1.03001579
  0.14617191
  1.20720303
 -0.72781703
  0.69838703
  0.15860460
 -4.39272595
 -0.86644817
 -4.04485363
 -0.60564739
 -0.02273520
  1.48476076
 -1.51863701
 -0.54533489
  1.44256341
  0.35678120
  1.04646747
  1.23597906
 -2.05196696
 -1.43824897
 -0.32904836
 -0.79031291
  0.94375224
 -0.25061959
 -0.00043774
 -1.29658404
  0.36756058
  0.25355421
 -1.22934624
 -0.82590022
 -0.01549437
  2.26095800
  1.80474422
 -0.63973096
 -1.81203283
 -0.77307465
 -1.20826265
  0.38587420
  0.55145340
 -0.77716742
 -0.59851064
  2.94382854
  0.67247163
 -0.21195995
 -0.19609982
  0.49806538
  0.51516944
 -0.63549872
  0.46097002
 -0.32501621
 -0.85248503
 -0.30032592
  2.05653572
  0.26280776
  0.67824258
  0.17432859
  3.14697248
 -0.28867993
  2.04758508
  2.88659151
 -1.85268098
 -0.65307628
 -1.27813973
 -3.59561445
 -0.10007882
 -2.05441169
 -0.39814754
  1.35251725
 -0.47898103
  0.32801246
  0.23980781
 -0.64273022
  0.25988632
  0.14736847
  0.76969411
 -0.77056440
 -0.14512020
 -0.65505557
  4.44385042
 -0.10331982
 -0.12983309
 -0.05222969
  0.05672101
 -0.41040316
 -0.05046771
 -0.17526569
 -0.20614047
 -0.12257261
 -0.15964875
  0.11781159
  0.03999761
 -0.22470984
 -0.36920230
 -0.05857604
 -0.24878366
 -0.21338675
  0.15244976
  0.22063017
 -0.07496158
  0.14737723
  0.03848489
  0.06317373
 -0.02895474
  0.03412726
 -0.33081221
  0.03497051
 -0.39664003
 -0.04778710
  0.31481337
 -0.35974814
 -0.13654340
  0.00545856
  0.05101320
 -0.06117996
  0.43591370
 -2.42170373
  0.77287224
  0.33861443
  0.35528376
 -0.24136305
 -0.20690063
  1.42425806
 -0.21631497
 -0.48541013
 -0.77858239
 -1.20609154
 -0.80560556
  0.94704912
 -5.03860557
 -2.60317134
  0.22328628
 -0.59725718
  2.24522570
  1.31655530
 -0.22045965
  1.07718961
 -0.96387542
 -0.80988906
  0.72692415
 -0.04783460
  0.20413760
  1.04001700
 -2.12875937
 -0.77047354
  1.01456808
  0.71503631
  1.49622780
  1.93848679
 -0.84045818
 -0.65160731
 -1.32400460
 -1.58019522
 -1.60631650
 -2.30522898
 -1.99281370
 -0.80700131
 -0.71290527
 -1.16371919
 -2.67559471
 -0.25946439
 -1.59015725
 -0.98190703
 -0.55073735
 -0.01074807
  1.01591326
 -1.03300941
  1.36683826
 -2.34239889
  1.77633659
 -0.26535468
  0.35566579
 -1.14447354
  1.37819223
 -0.29170186
 -0.62067250
 -1.26899193
 -1.78346539
  0.96541987
 -1.11706790
  0.88758629
 -0.40157583
  1.05250790
 -1.74250350
  1.32001355
 -0.14356850
  1.62548641
 -1.46983543
 -1.94350010
 -1.85718652
  0.34321351
 -0.31341570
 -0.00459878
  0.79710904
 -2.40905777
 -3.55628961
 -1.17772588
  1.25710334
  1.10076257
 -0.33235468
 -2.29857565
 -2.90088794
  0.77200155
 -2.11221604
 -0.99937224
  1.98692849
 -1.33789837
 -2.26243297
  1.36385227
  2.82109131
  0.30652879
  0.47109596
 -1.94112438
  0.79995752
 -2.47092857
 -0.78160277
  1.84027353
 -0.22328216
  1.59059862
 -2.00641805
 -2.11121418
 -0.56801357
  0.36425325
  0.57130279
 -1.20749072
  0.01056470
  0.13345381
 -1.29227294
  1.87046753
 -0.58113466
 -0.18110852
 -1.11540306
 -0.77862772
 -1.96691014
 -2.58647096
  2.04672917
  1.87142766
  0.66359967
  1.06150426
 -0.04570988
  1.04205546
  1.31867204
  0.39657895
 -1.74518430
  0.63705991
  0.25559862
  0.63239439
 -2.60644887
  0.41555503
 -2.52075474
  0.25734490
 -0.65916760
 -1.07815764
  0.30557009
 -1.77223823
  0.02620872
 -2.47315062
  1.05239205
  1.14616542
  0.31305267
  0.62052077
  0.78733111
 -1.66750902
  1.08011562
 -0.16486498
 -1.45170748
 -2.03904971
  1.07556569
 -0.97264622
 -0.11982214
 -2.64689320
  1.28568954
  0.11235657
  1.48825865
  0.42179837
 -1.32163075
 -1.18594542
 -1.52503956
  0.71976508
 -1.19961199
  1.26284666
  0.44357542
  0.04357700
 -2.54509382
  1.87215801
  2.03854470
 -2.59280744
 -1.45037998
 -0.34581654
  2.27434252
  2.22024476
 -2.09284199
  1.42939714
 -2.46486890
 -1.21138979
  0.42789851
  1.62054281
 -0.61806112
  1.31264959
 -0.87560347
 -1.80162659
  1.13716242
 -2.68535725
  1.62243720
  2.97892422
  1.24439158
 -2.71022212
 -5.10557045
 -1.28539340
  0.16640823
  1.63661576
  0.74389839
 -1.69569628
 -1.20674370
  0.93690534
  1.35189924
 -1.69750203
 -1.39788382
  1.47771086
 -0.92864991
 -1.42574823
 -2.60488560
 -0.99407772
  0.84220685
 -2.29688274
  0.67440724
 -1.20982443
  2.05284729
  0.36824819
  1.66233860
 -2.16775370
  0.84894530
  0.00510057
  1.75130984
  0.71150137
 -1.70717409
  0.18923539
 -0.79665355
 -0.90910649
 -1.62387501
 -1.95242532
 -0.22682686
  1.83886827
 -0.68622666
  1.20387160
 -1.89111034
  1.56953366
  1.36711017
 -2.02223843
 -0.56702255
 -1.24618066
 -3.05253986
  1.18429365
  0.88922023
 -1.41438805
 -2.03313149
 -0.65150103
  1.45067411
 -0.92574424
  1.59034703
 -3.22552212
  1.80027413
 -2.69631394
  1.34947944
 -2.64525527
  0.17885513
 -1.40851708
  1.59505677
  0.96195328
  1.65375433
 -3.44212054
 -1.51649640
  0.79615678
  0.46666957
  0.61004329
 -0.70170099
  0.36851997
  0.39577059
 -1.67404434
  0.41543982
 -1.56893506
  1.97181003
 -2.37398188
  1.89910909
 -1.92969683
  0.36563525
  2.24271043
 -1.54882805
  0.70108945
 -2.44851913
  1.23325705
  1.61317205
 -2.21099926
  0.00040542
 -0.62509830
  0.86534395
  1.18431722
 -1.35967460
 -0.59820916
 -1.84982228
 -1.74273823
 -0.70052240
  2.88562438
 -0.94119497
  1.67553767
 -2.19388398
 -0.50359262
 -0.35896966
 -0.52596678
  0.11865206
  0.68443424
 -2.44545932
  2.41227246
 -1.41235445
  1.08941765
 -1.68183063
 -2.79850966
 -1.35200414
  0.32025386
  1.61156379
  2.26382437
 -0.92185110
  0.00229745
 -0.71183368
  1.47431763
 -2.13426083
 -0.95297439
  1.16431517
 -3.08569875
  0.29344055
 -0.86348017
 -2.98066709
  2.44441412
 -1.83965012
 -1.93692416
 -0.07513803
 -1.02335157
 -0.68560102
  2.59374098
  1.33964537
 -2.56349714
  0.00855183
 -1.40834574
  1.50741488
  2.17801034
  0.93042332
 -1.23711469
 -1.95951246
 -2.52107782
  0.62677674
  0.61239539
  1.84050379
 -0.60500723
  1.04383027
  2.54916885
 -2.22574172
  0.44066090
  0.37282805
 -3.04780374
 -2.55971859
  2.75650142
 -3.19779007
  0.22001635
 -3.21590255
  0.28308483
  1.50917320
 -1.08849034
  1.12389092
 -2.15206666
  1.29899033
  2.20004199
 -1.50190651
  0.08911261
 -0.49150807
 -1.32972681
 -1.31270547
  0.03205605
  1.22704302
 -0.21932625
 -0.63025332
 -1.11031115
  0.75367968
  0.42781651
 -1.49722063
 -1.09918741
  0.33829409
  3.86863937
 -2.67200321
  0.10990956
 -2.15809723
  1.08438881
 -0.57132902
 -0.74130820
 -0.83461616
 -1.40771144
  0.47547178
  1.71954835
  2.43661103
 -2.11849508
 -0.51505355
  1.79241980
  2.82720514
 -0.00192084
 -2.90158342
  0.95601452
  1.02902506
 -0.75775130
 -1.50825005
  1.64297191
 -2.61849692
